Datetime,Open,High,Low,Close,Volume,Dividends,Stock Splits
2019-12-16 11:01:00-05:00,64.93,64.93,64.93,64.93,0.0,0.0,0
2019-12-16 11:02:00-05:00,64.93,64.93,64.92,64.93,400.0,0.0,0
2019-12-16 11:04:00-05:00,64.99,64.99,64.99,64.99,211.0,0.0,0
2019-12-16 11:11:00-05:00,65.04,65.04,65.04,65.04,100.0,0.0,0
2019-12-16 11:13:00-05:00,65.1,65.1,65.1,65.1,200.0,0.0,0
2019-12-16 11:14:00-05:00,65.15,65.15,65.15,65.15,367.0,0.0,0
2019-12-16 11:20:00-05:00,65.16,65.16,65.16,65.16,121.0,0.0,0
2019-12-16 11:29:00-05:00,65.27,65.27,65.27,65.27,125.0,0.0,0
2019-12-16 11:47:00-05:00,65.11,65.11,65.11,65.11,150.0,0.0,0
2019-12-16 11:50:00-05:00,65.15,65.15,65.15,65.15,238.0,0.0,0
2019-12-16 12:06:00-05:00,65.1,65.1,65.1,65.1,297.0,0.0,0
2019-12-16 12:11:00-05:00,65.09,65.09,65.09,65.09,145.0,0.0,0
2019-12-16 12:12:00-05:00,65.09,65.09,65.09,65.09,222.0,0.0,0
2019-12-16 12:14:00-05:00,65.05,65.05,65.05,65.05,232.0,0.0,0
2019-12-16 12:19:00-05:00,65.13,65.13,65.13,65.13,110.0,0.0,0
2019-12-16 12:27:00-05:00,65.21,65.21,65.21,65.21,170.0,0.0,0
2019-12-16 12:38:00-05:00,65.28,65.3,65.28,65.3,394.0,0.0,0
2019-12-16 12:58:00-05:00,65.27,65.27,65.27,65.27,724.0,0.0,0
2019-12-16 12:59:00-05:00,65.18,65.18,65.18,65.18,100.0,0.0,0
2019-12-16 13:01:00-05:00,65.1,65.1,65.1,65.1,377.0,0.0,0
2019-12-16 13:04:00-05:00,65.1,65.1,65.1,65.1,392.0,0.0,0
2019-12-16 13:29:00-05:00,65.19,65.19,65.19,65.19,300.0,0.0,0
2019-12-16 13:32:00-05:00,65.19,65.19,65.19,65.19,104.0,0.0,0
2019-12-16 13:42:00-05:00,65.26,65.26,65.26,65.26,321.0,0.0,0
2019-12-16 14:07:00-05:00,65.36,65.36,65.36,65.36,147.0,0.0,0
2019-12-16 14:12:00-05:00,65.39,65.39,65.39,65.39,795.0,0.0,0
2019-12-16 14:31:00-05:00,65.42,65.42,65.42,65.42,125.0,0.0,0
2019-12-16 14:43:00-05:00,65.33,65.33,65.32,65.33,302.0,0.0,0
2019-12-16 14:45:00-05:00,65.4,65.4,65.4,65.4,409.0,0.0,0
2019-12-16 14:47:00-05:00,65.31,65.31,65.31,65.31,118.0,0.0,0
2019-12-16 14:56:00-05:00,65.29,65.29,65.29,65.29,276.0,0.0,0
2019-12-16 15:05:00-05:00,65.17,65.17,65.17,65.17,201.0,0.0,0
2019-12-16 15:06:00-05:00,65.17,65.17,65.17,65.17,100.0,0.0,0
2019-12-16 15:08:00-05:00,65.23,65.23,65.23,65.23,499.0,0.0,0
2019-12-16 15:25:00-05:00,65.17,65.17,65.17,65.17,144.0,0.0,0
2019-12-16 15:37:00-05:00,64.96,64.96,64.88,64.88,811.0,0.0,0
2019-12-16 15:42:00-05:00,64.92,64.92,64.83,64.83,747.0,0.0,0
2019-12-16 15:50:00-05:00,64.96,65.03,64.95,65.03,594.0,0.0,0
2019-12-16 15:54:00-05:00,64.97,64.97,64.97,64.97,210.0,0.0,0
2019-12-16 15:55:00-05:00,64.81,64.89,64.81,64.89,380.0,0.0,0
2019-12-16 15:57:00-05:00,64.82,64.82,64.8,64.8,349.0,0.0,0
2019-12-16 15:58:00-05:00,64.82,64.82,64.78,64.78,273.0,0.0,0
2019-12-16 15:59:00-05:00,64.63,64.63,64.63,64.63,34742.0,0.0,0
2019-12-17 09:30:00-05:00,65.01,65.01,65.01,65.01,0.0,0.0,0
2019-12-17 09:31:00-05:00,64.82,64.82,64.81,64.81,907.0,0.0,0
2019-12-17 09:35:00-05:00,64.99,64.99,64.99,64.99,281.0,0.0,0
2019-12-17 09:39:00-05:00,65.03,65.03,65.03,65.03,240.0,0.0,0
2019-12-17 09:42:00-05:00,65.14,65.14,65.14,65.14,202.0,0.0,0
2019-12-17 09:45:00-05:00,65.08,65.08,65.08,65.08,2000.0,0.0,0
2019-12-17 09:47:00-05:00,65.12,65.12,65.12,65.12,285.0,0.0,0
2019-12-17 09:50:00-05:00,65.0,65.0,65.0,65.0,500.0,0.0,0
2019-12-17 09:51:00-05:00,65.08,65.08,65.08,65.08,100.0,0.0,0
2019-12-17 09:52:00-05:00,65.12,65.12,65.12,65.12,200.0,0.0,0
2019-12-17 09:54:00-05:00,65.11,65.11,65.11,65.11,187.0,0.0,0
2019-12-17 10:01:00-05:00,65.16,65.16,65.16,65.16,211.0,0.0,0
2019-12-17 10:08:00-05:00,65.28,65.28,65.28,65.28,3903.0,0.0,0
2019-12-17 10:33:00-05:00,65.23,65.23,65.23,65.23,164.0,0.0,0
2019-12-17 10:57:00-05:00,65.15,65.15,65.15,65.15,378.0,0.0,0
2019-12-17 11:08:00-05:00,65.24,65.24,65.24,65.24,150.0,0.0,0
2019-12-17 11:12:00-05:00,65.27,65.27,65.27,65.27,338.0,0.0,0
2019-12-17 11:34:00-05:00,65.32,65.32,65.32,65.32,110.0,0.0,0
2019-12-17 11:35:00-05:00,65.32,65.32,65.32,65.32,170.0,0.0,0
2019-12-17 11:50:00-05:00,65.4,65.4,65.4,65.4,298.0,0.0,0
2019-12-17 11:55:00-05:00,65.4,65.4,65.4,65.4,1855.0,0.0,0
2019-12-17 12:03:00-05:00,65.48,65.5,65.48,65.5,2068.0,0.0,0
2019-12-17 12:04:00-05:00,65.5,65.5,65.5,65.5,100.0,0.0,0
2019-12-17 12:05:00-05:00,65.5,65.55,65.5,65.55,1252.0,0.0,0
2019-12-17 12:09:00-05:00,65.43,65.43,65.43,65.43,100.0,0.0,0
2019-12-17 12:10:00-05:00,65.51,65.51,65.51,65.51,100.0,0.0,0
2019-12-17 12:28:00-05:00,65.46,65.46,65.46,65.46,379.0,0.0,0
2019-12-17 12:53:00-05:00,65.44,65.45,65.44,65.44,662.0,0.0,0
2019-12-17 12:56:00-05:00,65.51,65.51,65.51,65.51,163.0,0.0,0
2019-12-17 13:11:00-05:00,65.48,65.49,65.48,65.49,2283.0,0.0,0
2019-12-17 13:26:00-05:00,65.5,65.5,65.5,65.5,182.0,0.0,0
2019-12-17 13:27:00-05:00,65.5,65.5,65.5,65.5,635.0,0.0,0
2019-12-17 13:48:00-05:00,65.53,65.53,65.53,65.53,373.0,0.0,0
2019-12-17 13:59:00-05:00,65.53,65.53,65.5,65.5,580.0,0.0,0
2019-12-17 14:01:00-05:00,65.49,65.5,65.49,65.5,1801.0,0.0,0
2019-12-17 14:25:00-05:00,65.55,65.57,65.55,65.57,1731.0,0.0,0
2019-12-17 14:29:00-05:00,65.62,65.65,65.62,65.65,1355.0,0.0,0
2019-12-17 14:30:00-05:00,65.6,65.6,65.6,65.6,313.0,0.0,0
2019-12-17 14:33:00-05:00,65.65,65.68,65.65,65.68,2227.0,0.0,0
2019-12-17 14:34:00-05:00,65.69,65.69,65.69,65.69,1185.0,0.0,0
2019-12-17 14:57:00-05:00,65.69,65.69,65.69,65.69,100.0,0.0,0
2019-12-17 15:02:00-05:00,65.61,65.61,65.6,65.6,321.0,0.0,0
2019-12-17 15:38:00-05:00,65.54,65.54,65.54,65.54,100.0,0.0,0
2019-12-17 15:39:00-05:00,65.6,65.61,65.6,65.61,204.0,0.0,0
2019-12-17 15:45:00-05:00,65.46,65.46,65.46,65.46,159.0,0.0,0
2019-12-17 15:46:00-05:00,65.55,65.55,65.55,65.55,206.0,0.0,0
2019-12-17 15:51:00-05:00,65.42,65.43,65.42,65.43,474.0,0.0,0
2019-12-17 15:56:00-05:00,65.48,65.48,65.48,65.48,384.0,0.0,0
2019-12-17 15:57:00-05:00,65.54,65.6,65.54,65.6,209.0,0.0,0
2019-12-17 15:58:00-05:00,65.6,65.6,65.6,65.6,206.0,0.0,0
2019-12-17 15:59:00-05:00,65.55,65.55,65.55,65.55,35378.0,0.0,0
2019-12-18 09:30:00-05:00,65.62,65.77,65.62,65.74,0.0,0.0,0
2019-12-18 09:35:00-05:00,65.84,65.84,65.84,65.84,400.0,0.0,0
2019-12-18 09:36:00-05:00,65.86,65.86,65.86,65.86,201.0,0.0,0
2019-12-18 09:39:00-05:00,65.82,65.82,65.82,65.82,216.0,0.0,0
2019-12-18 09:40:00-05:00,65.82,65.82,65.7,65.7,1556.0,0.0,0
2019-12-18 09:41:00-05:00,65.79,65.79,65.79,65.79,100.0,0.0,0
2019-12-18 09:42:00-05:00,65.79,65.93,65.79,65.93,285.0,0.0,0
2019-12-18 09:43:00-05:00,65.84,65.99,65.84,65.99,780.0,0.0,0
2019-12-18 09:44:00-05:00,65.97,65.97,65.97,65.97,202.0,0.0,0
2019-12-18 09:47:00-05:00,65.91,65.91,65.91,65.91,414.0,0.0,0
2019-12-18 09:48:00-05:00,65.78,65.8,65.78,65.8,250.0,0.0,0
2019-12-18 09:50:00-05:00,65.84,65.84,65.84,65.84,211.0,0.0,0
2019-12-18 09:52:00-05:00,65.81,65.81,65.81,65.81,649.0,0.0,0
2019-12-18 09:57:00-05:00,65.89,65.89,65.89,65.89,209.0,0.0,0
2019-12-18 09:59:00-05:00,65.89,65.89,65.89,65.89,393.0,0.0,0
2019-12-18 10:03:00-05:00,65.83,65.83,65.83,65.83,195.0,0.0,0
2019-12-18 10:04:00-05:00,65.89,65.89,65.82,65.83,811.0,0.0,0
2019-12-18 10:05:00-05:00,65.84,65.84,65.84,65.84,206.0,0.0,0
2019-12-18 10:07:00-05:00,65.82,65.82,65.79,65.82,1858.0,0.0,0
2019-12-18 10:08:00-05:00,65.75,65.75,65.75,65.75,105.0,0.0,0
2019-12-18 10:09:00-05:00,65.7,65.7,65.7,65.7,305.0,0.0,0
2019-12-18 10:13:00-05:00,65.72,65.72,65.71,65.71,368.0,0.0,0
2019-12-18 10:14:00-05:00,65.74,65.74,65.74,65.74,110.0,0.0,0
2019-12-18 10:15:00-05:00,65.78,65.78,65.78,65.78,187.0,0.0,0
2019-12-18 10:16:00-05:00,65.75,65.75,65.75,65.75,168.0,0.0,0
2019-12-18 10:19:00-05:00,65.74,65.74,65.74,65.74,153.0,0.0,0
2019-12-18 10:20:00-05:00,65.72,65.72,65.72,65.72,110.0,0.0,0
2019-12-18 10:21:00-05:00,65.64,65.64,65.64,65.64,200.0,0.0,0
2019-12-18 10:22:00-05:00,65.7,65.74,65.7,65.7,315.0,0.0,0
2019-12-18 10:24:00-05:00,65.65,65.65,65.65,65.65,1184.0,0.0,0
2019-12-18 10:33:00-05:00,65.8,65.8,65.8,65.8,175.0,0.0,0
2019-12-18 10:35:00-05:00,65.86,65.87,65.86,65.87,225.0,0.0,0
2019-12-18 10:36:00-05:00,65.8,65.8,65.78,65.78,400.0,0.0,0
2019-12-18 10:37:00-05:00,65.73,65.73,65.73,65.73,127.0,0.0,0
2019-12-18 10:38:00-05:00,65.71,65.71,65.71,65.71,511.0,0.0,0
2019-12-18 10:42:00-05:00,65.55,65.55,65.55,65.55,260.0,0.0,0
2019-12-18 10:43:00-05:00,65.51,65.51,65.51,65.51,5456.0,0.0,0
2019-12-18 10:50:00-05:00,65.79,65.79,65.79,65.79,245.0,0.0,0
2019-12-18 10:52:00-05:00,65.76,65.85,65.76,65.85,675.0,0.0,0
2019-12-18 10:53:00-05:00,65.76,65.76,65.76,65.76,212.0,0.0,0
2019-12-18 10:54:00-05:00,65.69,65.69,65.69,65.69,282.0,0.0,0
2019-12-18 11:00:00-05:00,65.56,65.56,65.56,65.56,946.0,0.0,0
2019-12-18 11:02:00-05:00,65.53,65.53,65.53,65.53,200.0,0.0,0
2019-12-18 11:04:00-05:00,65.45,65.45,65.45,65.45,270.0,0.0,0
2019-12-18 11:06:00-05:00,65.43,65.43,65.43,65.43,545.0,0.0,0
2019-12-18 11:07:00-05:00,65.41,65.41,65.4,65.4,1042.0,0.0,0
2019-12-18 11:08:00-05:00,65.4,65.4,65.4,65.4,973.0,0.0,0
2019-12-18 11:09:00-05:00,65.4,65.4,65.27,65.27,7459.0,0.0,0
2019-12-18 11:12:00-05:00,65.1,65.1,65.1,65.1,150.0,0.0,0
2019-12-18 11:13:00-05:00,65.14,65.14,65.14,65.14,816.0,0.0,0
2019-12-18 11:21:00-05:00,65.18,65.18,65.18,65.18,201.0,0.0,0
2019-12-18 11:22:00-05:00,65.22,65.22,65.22,65.22,234.0,0.0,0
2019-12-18 11:29:00-05:00,65.32,65.32,65.32,65.32,995.0,0.0,0
2019-12-18 11:35:00-05:00,65.39,65.39,65.39,65.39,100.0,0.0,0
2019-12-18 11:37:00-05:00,65.52,65.52,65.52,65.52,348.0,0.0,0
2019-12-18 11:51:00-05:00,65.53,65.53,65.53,65.53,100.0,0.0,0
2019-12-18 11:52:00-05:00,65.53,65.53,65.52,65.52,398.0,0.0,0
2019-12-18 11:58:00-05:00,65.52,65.52,65.52,65.52,100.0,0.0,0
2019-12-18 12:00:00-05:00,65.5,65.5,65.5,65.5,0.0,0.0,0
2019-12-18 12:04:00-05:00,65.43,65.43,65.43,65.43,38890.0,0.0,0
2019-12-18 12:22:00-05:00,65.47,65.47,65.47,65.47,643.0,0.0,0
2019-12-18 12:40:00-05:00,65.4,65.4,65.4,65.4,100.0,0.0,0
2019-12-18 12:42:00-05:00,65.4,65.4,65.4,65.4,298.0,0.0,0
2019-12-18 12:48:00-05:00,65.27,65.27,65.27,65.27,100.0,0.0,0
2019-12-18 12:49:00-05:00,65.36,65.36,65.36,65.36,247.0,0.0,0
2019-12-18 13:12:00-05:00,65.4,65.4,65.4,65.4,174.0,0.0,0
2019-12-18 13:13:00-05:00,65.33,65.33,65.33,65.33,1025.0,0.0,0
2019-12-18 13:31:00-05:00,65.36,65.36,65.36,65.36,345.0,0.0,0
2019-12-18 13:35:00-05:00,65.33,65.33,65.33,65.33,160.0,0.0,0
2019-12-18 13:48:00-05:00,65.4,65.4,65.4,65.4,230.0,0.0,0
2019-12-18 13:51:00-05:00,65.32,65.32,65.32,65.32,125.0,0.0,0
2019-12-18 13:54:00-05:00,65.35,65.35,65.35,65.35,125.0,0.0,0
2019-12-18 13:57:00-05:00,65.32,65.32,65.32,65.32,100.0,0.0,0
2019-12-18 13:58:00-05:00,65.35,65.35,65.35,65.35,203.0,0.0,0
2019-12-18 14:00:00-05:00,65.35,65.35,65.35,65.35,200.0,0.0,0
2019-12-18 14:10:00-05:00,65.46,65.46,65.46,65.46,131.0,0.0,0
2019-12-18 14:18:00-05:00,65.4,65.4,65.4,65.4,149.0,0.0,0
2019-12-18 14:34:00-05:00,65.36,65.36,65.36,65.36,100.0,0.0,0
2019-12-18 14:36:00-05:00,65.4,65.51,65.4,65.51,229.0,0.0,0
2019-12-18 14:45:00-05:00,65.43,65.43,65.43,65.43,1154.0,0.0,0
2019-12-18 14:52:00-05:00,65.46,65.46,65.46,65.46,605.0,0.0,0
2019-12-18 15:05:00-05:00,65.43,65.43,65.43,65.43,142.0,0.0,0
2019-12-18 15:12:00-05:00,65.39,65.39,65.39,65.39,167.0,0.0,0
2019-12-18 15:18:00-05:00,65.38,65.38,65.38,65.38,162.0,0.0,0
2019-12-18 15:26:00-05:00,65.39,65.39,65.39,65.39,215.0,0.0,0
2019-12-18 15:38:00-05:00,65.35,65.35,65.35,65.35,849.0,0.0,0
2019-12-18 15:51:00-05:00,65.35,65.35,65.35,65.35,303.0,0.0,0
2019-12-18 15:59:00-05:00,65.47,65.47,65.47,65.47,48350.0,0.0,0
2019-12-19 09:30:00-05:00,65.49,65.5,65.49,65.5,287.0,0.0,0
2019-12-19 09:31:00-05:00,65.51,65.51,65.51,65.51,500.0,0.0,0
2019-12-19 09:32:00-05:00,65.6,65.6,65.6,65.6,188.0,0.0,0
2019-12-19 09:35:00-05:00,65.65,65.65,65.65,65.65,160.0,0.0,0
2019-12-19 09:36:00-05:00,65.73,65.73,65.73,65.73,340.0,0.0,0
2019-12-19 09:41:00-05:00,65.57,65.57,65.57,65.57,280.0,0.0,0
2019-12-19 09:49:00-05:00,65.74,65.82,65.74,65.82,427.0,0.0,0
2019-12-19 10:05:00-05:00,65.9,65.9,65.9,65.9,458.0,0.0,0
2019-12-19 10:16:00-05:00,65.74,65.74,65.74,65.74,215.0,0.0,0
2019-12-19 10:25:00-05:00,65.78,65.78,65.78,65.78,100.0,0.0,0
2019-12-19 10:34:00-05:00,65.8,65.8,65.8,65.8,416.0,0.0,0
2019-12-19 10:47:00-05:00,65.9,65.92,65.9,65.92,1940.0,0.0,0
2019-12-19 10:48:00-05:00,65.95,65.95,65.95,65.95,717.0,0.0,0
2019-12-19 10:54:00-05:00,66.0,66.0,66.0,66.0,2655.0,0.0,0
2019-12-19 11:01:00-05:00,65.95,65.95,65.95,65.95,134.0,0.0,0
2019-12-19 11:02:00-05:00,65.98,65.98,65.98,65.98,201.0,0.0,0
2019-12-19 11:04:00-05:00,65.97,65.97,65.96,65.96,320.0,0.0,0
2019-12-19 11:05:00-05:00,66.0,66.0,65.99,66.0,5291.0,0.0,0
2019-12-19 11:07:00-05:00,66.1,66.11,66.1,66.11,200.0,0.0,0
2019-12-19 11:08:00-05:00,66.08,66.1,66.08,66.1,200.0,0.0,0
2019-12-19 11:09:00-05:00,66.11,66.11,66.11,66.11,300.0,0.0,0
2019-12-19 11:10:00-05:00,66.06,66.06,66.04,66.04,300.0,0.0,0
2019-12-19 11:11:00-05:00,66.01,66.01,66.01,66.01,138.0,0.0,0
2019-12-19 11:12:00-05:00,66.0,66.07,66.0,66.07,300.0,0.0,0
2019-12-19 11:13:00-05:00,66.08,66.08,66.08,66.08,139.0,0.0,0
2019-12-19 11:17:00-05:00,66.11,66.11,66.11,66.11,131.0,0.0,0
2019-12-19 11:18:00-05:00,66.08,66.09,66.08,66.09,462.0,0.0,0
2019-12-19 11:19:00-05:00,66.11,66.12,66.1,66.12,2318.0,0.0,0
2019-12-19 11:20:00-05:00,66.13,66.13,66.13,66.13,822.0,0.0,0
2019-12-19 11:21:00-05:00,66.18,66.18,66.1,66.1,523.0,0.0,0
2019-12-19 11:26:00-05:00,66.19,66.19,66.19,66.19,200.0,0.0,0
2019-12-19 11:30:00-05:00,66.17,66.17,66.17,66.17,110.0,0.0,0
2019-12-19 11:31:00-05:00,66.24,66.24,66.22,66.22,291.0,0.0,0
2019-12-19 11:33:00-05:00,66.22,66.22,66.22,66.22,109.0,0.0,0
2019-12-19 11:34:00-05:00,66.19,66.19,66.19,66.19,164.0,0.0,0
2019-12-19 11:35:00-05:00,66.25,66.25,66.25,66.25,625.0,0.0,0
2019-12-19 11:47:00-05:00,66.37,66.37,66.37,66.37,145.0,0.0,0
2019-12-19 11:48:00-05:00,66.44,66.44,66.44,66.44,100.0,0.0,0
2019-12-19 11:49:00-05:00,66.37,66.37,66.37,66.37,114.0,0.0,0
2019-12-19 11:52:00-05:00,66.31,66.4,66.31,66.4,200.0,0.0,0
2019-12-19 11:53:00-05:00,66.37,66.37,66.37,66.37,100.0,0.0,0
2019-12-19 11:55:00-05:00,66.38,66.38,66.38,66.38,401.0,0.0,0
2019-12-19 11:56:00-05:00,66.35,66.35,66.35,66.35,1010.0,0.0,0
2019-12-19 11:59:00-05:00,66.35,66.35,66.35,66.35,1296.0,0.0,0
2019-12-19 12:04:00-05:00,66.35,66.35,66.35,66.35,165.0,0.0,0
2019-12-19 12:13:00-05:00,66.21,66.21,66.21,66.21,310.0,0.0,0
2019-12-19 12:21:00-05:00,66.3,66.3,66.3,66.3,201.0,0.0,0
2019-12-19 12:30:00-05:00,66.15,66.15,66.15,66.15,100.0,0.0,0
2019-12-19 13:03:00-05:00,66.08,66.08,66.08,66.08,461.0,0.0,0
2019-12-19 13:05:00-05:00,66.1,66.1,66.1,66.1,100.0,0.0,0
2019-12-19 13:08:00-05:00,66.1,66.1,66.1,66.1,600.0,0.0,0
2019-12-19 13:09:00-05:00,66.09,66.09,66.09,66.09,788.0,0.0,0
2019-12-19 13:39:00-05:00,66.15,66.15,66.15,66.15,150.0,0.0,0
2019-12-19 13:47:00-05:00,66.14,66.14,66.1,66.1,200.0,0.0,0
2019-12-19 13:59:00-05:00,66.14,66.14,66.14,66.14,270.0,0.0,0
2019-12-19 14:07:00-05:00,66.15,66.16,66.15,66.16,654.0,0.0,0
2019-12-19 14:15:00-05:00,66.08,66.08,66.08,66.08,427.0,0.0,0
2019-12-19 14:20:00-05:00,66.09,66.09,66.09,66.09,297.0,0.0,0
2019-12-19 14:27:00-05:00,66.14,66.14,66.14,66.14,158.0,0.0,0
2019-12-19 14:34:00-05:00,66.12,66.14,66.12,66.14,907.0,0.0,0
2019-12-19 14:35:00-05:00,66.16,66.16,66.16,66.16,3129.0,0.0,0
2019-12-19 14:36:00-05:00,66.16,66.16,66.16,66.16,2891.0,0.0,0
2019-12-19 14:45:00-05:00,66.16,66.18,66.14,66.18,11714.0,0.0,0
2019-12-19 14:46:00-05:00,66.17,66.17,66.17,66.17,200.0,0.0,0
2019-12-19 14:48:00-05:00,66.2,66.2,66.2,66.2,100.0,0.0,0
2019-12-19 14:52:00-05:00,66.2,66.2,66.2,66.2,165.0,0.0,0
2019-12-19 14:58:00-05:00,66.2,66.2,66.2,66.2,818.0,0.0,0
2019-12-19 15:00:00-05:00,66.2,66.2,66.2,66.2,504.0,0.0,0
2019-12-19 15:03:00-05:00,66.22,66.23,66.22,66.23,2442.0,0.0,0
2019-12-19 15:08:00-05:00,66.23,66.25,66.23,66.25,7405.0,0.0,0
2019-12-19 15:10:00-05:00,66.28,66.3,66.25,66.3,6035.0,0.0,0
2019-12-19 15:12:00-05:00,66.33,66.33,66.33,66.33,1575.0,0.0,0
2019-12-19 15:15:00-05:00,66.31,66.31,66.31,66.31,200.0,0.0,0
2019-12-19 15:16:00-05:00,66.33,66.33,66.33,66.33,289.0,0.0,0
2019-12-19 15:47:00-05:00,66.15,66.15,66.15,66.15,300.0,0.0,0
2019-12-19 15:51:00-05:00,66.13,66.24,66.13,66.21,755.0,0.0,0
2019-12-19 15:57:00-05:00,66.17,66.17,66.14,66.14,333.0,0.0,0
2019-12-19 15:58:00-05:00,66.26,66.26,66.14,66.21,899.0,0.0,0
2019-12-19 15:59:00-05:00,66.24,66.24,66.24,66.24,450.0,0.0,0
2019-12-20 09:32:00-05:00,66.74,67.0,66.74,67.0,0.0,0.0,0
2019-12-20 09:33:00-05:00,66.93,66.93,66.93,66.93,1000.0,0.0,0
2019-12-20 09:34:00-05:00,66.91,66.91,66.87,66.87,3517.0,0.0,0
2019-12-20 09:36:00-05:00,66.91,66.91,66.91,66.91,210.0,0.0,0
2019-12-20 09:37:00-05:00,66.86,66.99,66.86,66.99,384.0,0.0,0
2019-12-20 09:39:00-05:00,66.99,67.0,66.99,67.0,200.0,0.0,0
2019-12-20 09:40:00-05:00,66.99,67.0,66.99,67.0,451.0,0.0,0
2019-12-20 09:41:00-05:00,67.08,67.08,67.08,67.08,584.0,0.0,0
2019-12-20 09:43:00-05:00,66.98,66.98,66.98,66.98,240.0,0.0,0
2019-12-20 09:44:00-05:00,66.87,66.87,66.87,66.87,231.0,0.0,0
2019-12-20 09:45:00-05:00,66.89,66.93,66.89,66.93,200.0,0.0,0
2019-12-20 09:47:00-05:00,66.9,66.9,66.9,66.9,200.0,0.0,0
2019-12-20 09:49:00-05:00,66.87,66.87,66.87,66.87,250.0,0.0,0
2019-12-20 09:50:00-05:00,66.86,66.86,66.86,66.86,207.0,0.0,0
2019-12-20 09:59:00-05:00,66.69,66.69,66.69,66.69,198.0,0.0,0
2019-12-20 10:03:00-05:00,66.75,66.75,66.75,66.75,190.0,0.0,0
2019-12-20 10:04:00-05:00,66.77,66.77,66.77,66.77,311.0,0.0,0
2019-12-20 10:09:00-05:00,66.7,66.71,66.7,66.71,422.0,0.0,0
2019-12-20 10:12:00-05:00,66.66,66.66,66.66,66.66,2385.0,0.0,0
2019-12-20 10:14:00-05:00,66.56,66.56,66.56,66.56,498.0,0.0,0
2019-12-20 10:15:00-05:00,66.54,66.54,66.54,66.54,350.0,0.0,0
2019-12-20 10:17:00-05:00,66.36,66.36,66.36,66.36,168.0,0.0,0
2019-12-20 10:33:00-05:00,66.52,66.52,66.52,66.52,100.0,0.0,0
2019-12-20 10:34:00-05:00,66.54,66.54,66.54,66.54,800.0,0.0,0
2019-12-20 10:36:00-05:00,66.5,66.5,66.5,66.5,123.0,0.0,0
2019-12-20 10:37:00-05:00,66.41,66.41,66.41,66.41,153.0,0.0,0
2019-12-20 10:40:00-05:00,66.37,66.37,66.37,66.37,144.0,0.0,0
2019-12-20 10:57:00-05:00,66.49,66.54,66.49,66.54,2232.0,0.0,0
2019-12-20 11:01:00-05:00,66.55,66.55,66.55,66.55,831.0,0.0,0
2019-12-20 11:03:00-05:00,66.66,66.69,66.66,66.69,229.0,0.0,0
2019-12-20 11:04:00-05:00,66.74,66.74,66.74,66.74,195.0,0.0,0
2019-12-20 11:07:00-05:00,66.76,66.76,66.76,66.76,101.0,0.0,0
2019-12-20 11:11:00-05:00,66.76,66.76,66.76,66.76,100.0,0.0,0
2019-12-20 11:12:00-05:00,66.69,66.69,66.69,66.69,200.0,0.0,0
2019-12-20 11:25:00-05:00,66.59,66.59,66.59,66.59,350.0,0.0,0
2019-12-20 11:29:00-05:00,66.62,66.62,66.62,66.62,1535.0,0.0,0
2019-12-20 11:31:00-05:00,66.76,66.76,66.76,66.76,200.0,0.0,0
2019-12-20 11:32:00-05:00,66.63,66.63,66.62,66.62,415.0,0.0,0
2019-12-20 11:35:00-05:00,66.63,66.63,66.63,66.63,100.0,0.0,0
2019-12-20 11:36:00-05:00,66.64,66.64,66.64,66.64,631.0,0.0,0
2019-12-20 11:42:00-05:00,66.56,66.56,66.56,66.56,100.0,0.0,0
2019-12-20 11:43:00-05:00,66.54,66.54,66.54,66.54,100.0,0.0,0
2019-12-20 11:44:00-05:00,66.5,66.5,66.5,66.5,527.0,0.0,0
2019-12-20 11:45:00-05:00,66.5,66.5,66.5,66.5,189.0,0.0,0
2019-12-20 11:48:00-05:00,66.54,66.54,66.54,66.54,645.0,0.0,0
2019-12-20 12:13:00-05:00,66.46,66.46,66.46,66.46,102.0,0.0,0
2019-12-20 12:21:00-05:00,66.39,66.39,66.39,66.39,220.0,0.0,0
2019-12-20 12:28:00-05:00,66.55,66.55,66.55,66.55,750.0,0.0,0
2019-12-20 12:33:00-05:00,66.61,66.61,66.61,66.61,115.0,0.0,0
2019-12-20 12:38:00-05:00,66.58,66.58,66.57,66.57,200.0,0.0,0
2019-12-20 12:41:00-05:00,66.55,66.55,66.55,66.55,100.0,0.0,0
2019-12-20 12:57:00-05:00,66.59,66.59,66.59,66.59,275.0,0.0,0
2019-12-20 13:05:00-05:00,66.47,66.47,66.47,66.47,167.0,0.0,0
2019-12-20 13:08:00-05:00,66.42,66.42,66.42,66.42,202.0,0.0,0
2019-12-20 13:16:00-05:00,66.47,66.47,66.47,66.47,1330.0,0.0,0
2019-12-20 13:19:00-05:00,66.45,66.45,66.45,66.45,836.0,0.0,0
2019-12-20 13:22:00-05:00,66.54,66.54,66.54,66.54,100.0,0.0,0
2019-12-20 13:24:00-05:00,66.54,66.54,66.54,66.54,100.0,0.0,0
2019-12-20 13:25:00-05:00,66.43,66.43,66.43,66.43,365.0,0.0,0
2019-12-20 13:38:00-05:00,66.46,66.46,66.46,66.46,152.0,0.0,0
2019-12-20 13:49:00-05:00,66.45,66.45,66.45,66.45,200.0,0.0,0
2019-12-20 13:52:00-05:00,66.45,66.45,66.45,66.45,220.0,0.0,0
2019-12-20 14:08:00-05:00,66.54,66.54,66.54,66.54,8200.0,0.0,0
2019-12-20 14:10:00-05:00,66.49,66.56,66.49,66.55,5311.0,0.0,0
2019-12-20 14:11:00-05:00,66.55,66.55,66.55,66.55,1613.0,0.0,0
2019-12-20 14:12:00-05:00,66.55,66.55,66.55,66.55,200.0,0.0,0
2019-12-20 14:13:00-05:00,66.6,66.6,66.58,66.58,316.0,0.0,0
2019-12-20 14:14:00-05:00,66.6,66.61,66.6,66.61,7560.0,0.0,0
2019-12-20 14:15:00-05:00,66.57,66.57,66.56,66.56,455.0,0.0,0
2019-12-20 14:17:00-05:00,66.55,66.55,66.55,66.55,983.0,0.0,0
2019-12-20 14:22:00-05:00,66.58,66.58,66.58,66.58,368.0,0.0,0
2019-12-20 14:24:00-05:00,66.52,66.52,66.52,66.52,266.0,0.0,0
2019-12-20 14:32:00-05:00,66.51,66.51,66.51,66.51,962.0,0.0,0
2019-12-20 14:34:00-05:00,66.5,66.5,66.5,66.5,750.0,0.0,0
2019-12-20 14:43:00-05:00,66.48,66.48,66.48,66.48,100.0,0.0,0
2019-12-20 14:47:00-05:00,66.61,66.62,66.61,66.62,1250.0,0.0,0
2019-12-20 14:49:00-05:00,66.63,66.63,66.63,66.63,296.0,0.0,0
2019-12-20 15:02:00-05:00,66.63,66.63,66.63,66.63,100.0,0.0,0
2019-12-20 15:03:00-05:00,66.66,66.66,66.63,66.63,200.0,0.0,0
2019-12-20 15:09:00-05:00,66.69,66.69,66.69,66.69,106.0,0.0,0
2019-12-20 15:12:00-05:00,66.72,66.75,66.72,66.75,2000.0,0.0,0
2019-12-20 15:14:00-05:00,66.84,66.84,66.84,66.84,135.0,0.0,0
2019-12-20 15:17:00-05:00,66.73,66.73,66.73,66.73,469.0,0.0,0
2019-12-20 15:19:00-05:00,66.84,66.84,66.84,66.84,195.0,0.0,0
2019-12-20 15:28:00-05:00,66.83,66.84,66.83,66.84,1101.0,0.0,0
2019-12-20 15:29:00-05:00,66.8,66.83,66.8,66.83,834.0,0.0,0
2019-12-20 15:46:00-05:00,66.65,66.65,66.65,66.65,198.0,0.0,0
2019-12-20 15:50:00-05:00,66.75,66.75,66.75,66.75,203.0,0.0,0
2019-12-20 15:55:00-05:00,66.7,66.7,66.7,66.7,255.0,0.0,0
2019-12-20 15:56:00-05:00,66.74,66.74,66.74,66.74,113.0,0.0,0
2019-12-20 15:59:00-05:00,66.67,66.67,66.67,66.67,450.0,0.0,0
2019-12-23 09:30:00-05:00,,,,,,0.012,0
2019-12-23 09:31:00-05:00,67.26,67.26,67.26,67.26,303.0,0.0,0
2019-12-23 09:33:00-05:00,67.15,67.15,67.15,67.15,100.0,0.0,0
2019-12-23 09:34:00-05:00,67.19,67.26,67.19,67.23,400.0,0.0,0
2019-12-23 09:35:00-05:00,67.23,67.23,67.23,67.23,345.0,0.0,0
2019-12-23 09:36:00-05:00,67.25,67.25,67.25,67.25,100.0,0.0,0
2019-12-23 09:37:00-05:00,67.25,67.25,67.25,67.25,390.0,0.0,0
2019-12-23 09:38:00-05:00,67.04,67.05,67.04,67.05,500.0,0.0,0
2019-12-23 09:39:00-05:00,67.08,67.08,67.04,67.04,334.0,0.0,0
2019-12-23 09:40:00-05:00,67.19,67.19,67.07,67.07,200.0,0.0,0
2019-12-23 09:42:00-05:00,67.06,67.06,67.06,67.06,103.0,0.0,0
2019-12-23 09:43:00-05:00,67.12,67.12,67.12,67.12,369.0,0.0,0
2019-12-23 09:44:00-05:00,67.25,67.25,67.25,67.25,739.0,0.0,0
2019-12-23 09:47:00-05:00,67.22,67.26,67.22,67.25,664.0,0.0,0
2019-12-23 09:51:00-05:00,67.13,67.13,67.13,67.13,245.0,0.0,0
2019-12-23 09:52:00-05:00,67.22,67.3,67.22,67.3,618.0,0.0,0
2019-12-23 09:57:00-05:00,67.32,67.32,67.32,67.32,120.0,0.0,0
2019-12-23 09:59:00-05:00,67.32,67.32,67.3,67.3,500.0,0.0,0
2019-12-23 10:00:00-05:00,67.45,67.49,67.45,67.49,399.0,0.0,0
2019-12-23 10:04:00-05:00,67.47,67.47,67.47,67.47,139.0,0.0,0
2019-12-23 10:05:00-05:00,67.51,67.63,67.49,67.63,1179.0,0.0,0
2019-12-23 10:06:00-05:00,67.58,67.58,67.53,67.53,220.0,0.0,0
2019-12-23 10:07:00-05:00,67.57,67.57,67.53,67.53,3022.0,0.0,0
2019-12-23 10:10:00-05:00,67.62,67.69,67.62,67.69,657.0,0.0,0
2019-12-23 10:12:00-05:00,67.66,67.66,67.64,67.64,330.0,0.0,0
2019-12-23 10:13:00-05:00,67.59,67.59,67.59,67.59,100.0,0.0,0
2019-12-23 10:14:00-05:00,67.57,67.67,67.57,67.62,2300.0,0.0,0
2019-12-23 10:16:00-05:00,67.56,67.58,67.56,67.57,1150.0,0.0,0
2019-12-23 10:19:00-05:00,67.56,67.56,67.56,67.56,328.0,0.0,0
2019-12-23 10:29:00-05:00,67.43,67.43,67.43,67.43,110.0,0.0,0
2019-12-23 10:30:00-05:00,67.4,67.4,67.35,67.35,594.0,0.0,0
2019-12-23 10:32:00-05:00,67.39,67.39,67.39,67.39,154.0,0.0,0
2019-12-23 10:34:00-05:00,67.39,67.39,67.39,67.39,213.0,0.0,0
2019-12-23 10:39:00-05:00,67.39,67.39,67.39,67.39,1540.0,0.0,0
2019-12-23 10:44:00-05:00,67.5,67.5,67.5,67.5,100.0,0.0,0
2019-12-23 10:46:00-05:00,67.42,67.42,67.42,67.42,100.0,0.0,0
2019-12-23 10:47:00-05:00,67.51,67.51,67.51,67.51,115.0,0.0,0
2019-12-23 10:52:00-05:00,67.45,67.45,67.45,67.45,134.0,0.0,0
2019-12-23 10:53:00-05:00,67.51,67.53,67.51,67.53,1933.0,0.0,0
2019-12-23 09:30:00-05:00,,,,,,0.012,0
2019-12-23 11:05:00-05:00,67.56,67.56,67.56,67.56,0.0,0.0,0
2019-12-23 11:06:00-05:00,67.58,67.58,67.58,67.58,217.0,0.0,0
2019-12-23 11:12:00-05:00,67.58,67.58,67.58,67.58,2051.0,0.0,0
2019-12-23 11:14:00-05:00,67.58,67.6,67.58,67.6,909.0,0.0,0
2019-12-23 11:15:00-05:00,67.63,67.63,67.59,67.63,1550.0,0.0,0
2019-12-23 11:18:00-05:00,67.65,67.65,67.65,67.65,5598.0,0.0,0
2019-12-23 11:22:00-05:00,67.65,67.65,67.65,67.65,367.0,0.0,0
2019-12-23 11:23:00-05:00,67.64,67.64,67.64,67.64,156.0,0.0,0
2019-12-23 11:26:00-05:00,67.65,67.65,67.65,67.65,2363.0,0.0,0
2019-12-23 11:29:00-05:00,67.76,67.76,67.76,67.76,109.0,0.0,0
2019-12-23 11:33:00-05:00,67.74,67.74,67.74,67.74,611.0,0.0,0
2019-12-23 11:34:00-05:00,67.76,67.76,67.76,67.76,100.0,0.0,0
2019-12-23 11:35:00-05:00,67.7,67.71,67.7,67.71,1040.0,0.0,0
2019-12-23 11:36:00-05:00,67.64,67.64,67.64,67.64,293.0,0.0,0
2019-12-23 11:45:00-05:00,67.57,67.57,67.57,67.57,100.0,0.0,0
2019-12-23 11:49:00-05:00,67.67,67.67,67.67,67.67,350.0,0.0,0
2019-12-23 11:52:00-05:00,67.68,67.68,67.68,67.68,210.0,0.0,0
2019-12-23 11:53:00-05:00,67.74,67.74,67.74,67.74,100.0,0.0,0
2019-12-23 11:54:00-05:00,67.75,67.75,67.75,67.75,335.0,0.0,0
2019-12-23 11:56:00-05:00,67.76,67.86,67.76,67.86,1274.0,0.0,0
2019-12-23 11:57:00-05:00,67.78,67.78,67.78,67.78,100.0,0.0,0
2019-12-23 11:58:00-05:00,67.85,67.85,67.85,67.85,100.0,0.0,0
2019-12-23 12:02:00-05:00,67.8,67.8,67.8,67.8,193.0,0.0,0
2019-12-23 12:04:00-05:00,67.83,67.83,67.82,67.82,329.0,0.0,0
2019-12-23 12:05:00-05:00,67.78,67.78,67.77,67.77,284.0,0.0,0
2019-12-23 12:09:00-05:00,67.79,67.79,67.76,67.76,2042.0,0.0,0
2019-12-23 12:13:00-05:00,67.73,67.73,67.73,67.73,150.0,0.0,0
2019-12-23 12:18:00-05:00,67.7,67.7,67.65,67.65,200.0,0.0,0
2019-12-23 12:21:00-05:00,67.69,67.69,67.69,67.69,376.0,0.0,0
2019-12-23 12:51:00-05:00,67.75,67.75,67.75,67.75,314.0,0.0,0
2019-12-23 13:00:00-05:00,67.89,67.89,67.89,67.89,392.0,0.0,0
2019-12-23 13:06:00-05:00,68.04,68.04,68.04,68.04,102.0,0.0,0
2019-12-23 13:07:00-05:00,68.05,68.05,68.05,68.05,319.0,0.0,0
2019-12-23 13:09:00-05:00,67.89,67.89,67.87,67.87,2014.0,0.0,0
2019-12-23 13:12:00-05:00,67.92,67.92,67.92,67.92,100.0,0.0,0
2019-12-23 13:13:00-05:00,67.99,67.99,67.99,67.99,100.0,0.0,0
2019-12-23 13:16:00-05:00,67.94,67.94,67.94,67.94,640.0,0.0,0
2019-12-23 13:23:00-05:00,67.9,67.9,67.87,67.87,1159.0,0.0,0
2019-12-23 13:33:00-05:00,67.91,67.91,67.91,67.91,180.0,0.0,0
2019-12-23 13:36:00-05:00,67.89,67.89,67.89,67.89,140.0,0.0,0
2019-12-23 13:50:00-05:00,67.73,67.73,67.73,67.73,1000.0,0.0,0
2019-12-23 13:58:00-05:00,67.82,67.82,67.82,67.82,193.0,0.0,0
2019-12-23 14:08:00-05:00,67.75,67.75,67.75,67.75,173.0,0.0,0
2019-12-23 14:17:00-05:00,67.75,67.75,67.75,67.75,225.0,0.0,0
2019-12-23 14:32:00-05:00,67.87,67.87,67.87,67.87,500.0,0.0,0
2019-12-23 14:36:00-05:00,67.77,67.77,67.77,67.77,100.0,0.0,0
2019-12-23 14:41:00-05:00,67.83,67.83,67.83,67.83,185.0,0.0,0
2019-12-23 14:53:00-05:00,67.8,67.8,67.8,67.8,179.0,0.0,0
2019-12-23 15:06:00-05:00,67.77,67.77,67.77,67.77,108.0,0.0,0
2019-12-23 15:08:00-05:00,67.82,67.82,67.82,67.82,208.0,0.0,0
2019-12-23 15:19:00-05:00,67.82,67.82,67.8,67.82,500.0,0.0,0
2019-12-23 15:24:00-05:00,67.82,67.82,67.82,67.82,381.0,0.0,0
2019-12-23 15:27:00-05:00,67.77,67.77,67.77,67.77,406.0,0.0,0
2019-12-23 15:43:00-05:00,67.86,67.9,67.86,67.9,724.0,0.0,0
2019-12-23 15:52:00-05:00,67.76,67.76,67.76,67.76,246.0,0.0,0
2019-12-23 15:54:00-05:00,67.83,67.83,67.83,67.83,265.0,0.0,0
2019-12-23 15:56:00-05:00,67.86,67.86,67.86,67.86,114.0,0.0,0
2019-12-23 15:57:00-05:00,67.84,67.84,67.84,67.84,100.0,0.0,0
2019-12-23 15:58:00-05:00,67.8,67.8,67.8,67.8,126.0,0.0,0
2019-12-23 15:59:00-05:00,67.68,67.73,67.67,67.67,0.0,0.0,0
2019-12-24 09:30:00-05:00,68.57,68.57,68.57,68.57,1901.0,0.0,0
2019-12-24 09:33:00-05:00,68.54,68.54,68.51,68.51,200.0,0.0,0
2019-12-24 09:34:00-05:00,68.6,68.6,68.6,68.6,200.0,0.0,0
2019-12-24 09:35:00-05:00,68.43,68.56,68.43,68.56,294.0,0.0,0
2019-12-24 09:41:00-05:00,68.37,68.37,68.37,68.37,1004.0,0.0,0
2019-12-24 09:46:00-05:00,68.37,68.4,68.37,68.38,1820.0,0.0,0
2019-12-24 09:49:00-05:00,68.32,68.32,68.32,68.32,100.0,0.0,0
2019-12-24 09:51:00-05:00,68.28,68.28,68.22,68.22,620.0,0.0,0
2019-12-24 09:55:00-05:00,68.14,68.14,68.14,68.14,150.0,0.0,0
2019-12-24 09:56:00-05:00,68.13,68.13,68.13,68.13,270.0,0.0,0
2019-12-24 10:10:00-05:00,68.44,68.44,68.44,68.44,405.0,0.0,0
2019-12-24 10:12:00-05:00,68.28,68.28,68.28,68.28,400.0,0.0,0
2019-12-24 10:14:00-05:00,68.33,68.33,68.3,68.3,636.0,0.0,0
2019-12-24 10:17:00-05:00,68.3,68.3,68.3,68.3,1695.0,0.0,0
2019-12-24 10:26:00-05:00,68.3,68.3,68.3,68.3,502.0,0.0,0
2019-12-24 10:32:00-05:00,68.33,68.33,68.33,68.33,1003.0,0.0,0
2019-12-24 10:34:00-05:00,68.32,68.32,68.32,68.32,100.0,0.0,0
2019-12-24 10:36:00-05:00,68.38,68.38,68.38,68.38,114.0,0.0,0
2019-12-24 10:42:00-05:00,68.38,68.38,68.38,68.38,100.0,0.0,0
2019-12-24 10:51:00-05:00,68.47,68.47,68.47,68.47,100.0,0.0,0
2019-12-24 10:57:00-05:00,68.47,68.47,68.47,68.47,1146.0,0.0,0
2019-12-24 11:00:00-05:00,68.46,68.46,68.46,68.46,175.0,0.0,0
2019-12-24 11:01:00-05:00,68.53,68.53,68.53,68.53,103.0,0.0,0
2019-12-24 11:04:00-05:00,68.51,68.51,68.51,68.51,2008.0,0.0,0
2019-12-24 11:06:00-05:00,68.51,68.51,68.51,68.51,254.0,0.0,0
2019-12-24 11:12:00-05:00,68.53,68.53,68.38,68.38,532.0,0.0,0
2019-12-24 11:33:00-05:00,68.48,68.48,68.48,68.48,112.0,0.0,0
2019-12-24 11:45:00-05:00,68.49,68.49,68.49,68.49,106.0,0.0,0
2019-12-24 11:57:00-05:00,68.47,68.47,68.47,68.47,391.0,0.0,0
2019-12-24 12:16:00-05:00,68.55,68.55,68.55,68.55,106.0,0.0,0
2019-12-24 12:36:00-05:00,68.39,68.39,68.39,68.39,310.0,0.0,0
2019-12-24 12:37:00-05:00,68.38,68.38,68.38,68.38,1500.0,0.0,0
2019-12-24 12:49:00-05:00,68.37,68.37,68.37,68.37,101.0,0.0,0
2019-12-24 12:57:00-05:00,68.54,68.54,68.54,68.54,199.0,0.0,0
2019-12-24 12:59:00-05:00,68.59,68.59,68.59,68.59,0.0,0.0,0
2019-12-26 09:30:00-05:00,68.41,68.49,68.4,68.49,2325.0,0.0,0
2019-12-26 09:31:00-05:00,68.41,68.41,68.41,68.41,160.0,0.0,0
2019-12-26 09:33:00-05:00,68.33,68.33,68.33,68.33,143.0,0.0,0
2019-12-26 09:34:00-05:00,68.45,68.45,68.45,68.45,324.0,0.0,0
2019-12-26 09:42:00-05:00,68.7,68.74,68.7,68.74,471.0,0.0,0
2019-12-26 09:45:00-05:00,68.78,68.78,68.75,68.75,859.0,0.0,0
2019-12-26 09:46:00-05:00,68.76,68.76,68.76,68.76,100.0,0.0,0
2019-12-26 09:48:00-05:00,69.0,69.0,68.91,68.92,1165.0,0.0,0
2019-12-26 09:50:00-05:00,69.16,69.16,69.16,69.16,500.0,0.0,0
2019-12-26 09:53:00-05:00,68.93,68.93,68.81,68.92,950.0,0.0,0
2019-12-26 09:54:00-05:00,68.92,68.92,68.73,68.73,441.0,0.0,0
2019-12-26 09:59:00-05:00,68.73,68.73,68.73,68.73,150.0,0.0,0
2019-12-26 10:00:00-05:00,68.75,68.75,68.75,68.75,227.0,0.0,0
2019-12-26 10:06:00-05:00,68.65,68.65,68.65,68.65,330.0,0.0,0
2019-12-26 10:08:00-05:00,68.7,68.7,68.7,68.7,150.0,0.0,0
2019-12-26 10:09:00-05:00,68.64,68.64,68.64,68.64,258.0,0.0,0
2019-12-26 10:37:00-05:00,68.56,68.56,68.56,68.56,295.0,0.0,0
2019-12-26 11:02:00-05:00,68.55,68.55,68.5,68.5,282.0,0.0,0
2019-12-26 11:03:00-05:00,68.54,68.55,68.54,68.55,1132.0,0.0,0
2019-12-26 11:06:00-05:00,68.45,68.45,68.45,68.45,542.0,0.0,0
2019-12-26 11:13:00-05:00,68.54,68.54,68.46,68.46,3575.0,0.0,0
2019-12-26 11:18:00-05:00,68.53,68.53,68.53,68.53,100.0,0.0,0
2019-12-26 11:19:00-05:00,68.54,68.54,68.54,68.54,1894.0,0.0,0
2019-12-26 11:21:00-05:00,68.51,68.51,68.51,68.51,1666.0,0.0,0
2019-12-26 11:25:00-05:00,68.51,68.51,68.51,68.51,109.0,0.0,0
2019-12-26 11:31:00-05:00,68.59,68.59,68.59,68.59,229.0,0.0,0
2019-12-26 11:33:00-05:00,68.55,68.55,68.55,68.55,283.0,0.0,0
2019-12-26 11:38:00-05:00,68.53,68.53,68.53,68.53,125.0,0.0,0
2019-12-26 11:41:00-05:00,68.56,68.56,68.56,68.56,200.0,0.0,0
2019-12-26 11:44:00-05:00,68.52,68.52,68.52,68.52,150.0,0.0,0
2019-12-26 11:49:00-05:00,68.53,68.53,68.53,68.53,540.0,0.0,0
2019-12-26 11:50:00-05:00,68.6,68.6,68.6,68.6,200.0,0.0,0
2019-12-26 12:00:00-05:00,68.75,68.75,68.75,68.75,1468.0,0.0,0
2019-12-26 12:01:00-05:00,68.75,68.75,68.75,68.75,1579.0,0.0,0
2019-12-26 12:39:00-05:00,68.79,68.79,68.79,68.79,181.0,0.0,0
2019-12-26 12:50:00-05:00,68.8,68.8,68.8,68.8,365.0,0.0,0
2019-12-26 12:53:00-05:00,68.82,68.82,68.82,68.82,100.0,0.0,0
2019-12-26 12:58:00-05:00,68.8,68.82,68.8,68.82,726.0,0.0,0
2019-12-26 13:06:00-05:00,68.8,68.8,68.8,68.8,185.0,0.0,0
2019-12-26 13:19:00-05:00,68.82,68.84,68.82,68.84,1162.0,0.0,0
2019-12-26 14:26:00-05:00,69.19,69.19,69.19,69.19,100.0,0.0,0
2019-12-26 14:27:00-05:00,69.18,69.25,69.18,69.25,201.0,0.0,0
2019-12-26 14:28:00-05:00,69.25,69.25,69.25,69.25,240.0,0.0,0
2019-12-26 14:40:00-05:00,69.27,69.33,69.27,69.33,576.0,0.0,0
2019-12-26 14:42:00-05:00,69.29,69.29,69.29,69.29,617.0,0.0,0
2019-12-26 14:51:00-05:00,69.33,69.33,69.33,69.33,248.0,0.0,0
2019-12-26 14:52:00-05:00,69.33,69.33,69.33,69.33,4262.0,0.0,0
2019-12-26 14:56:00-05:00,69.35,69.35,69.35,69.35,100.0,0.0,0
2019-12-26 15:04:00-05:00,69.28,69.28,69.28,69.28,103.0,0.0,0
2019-12-26 15:22:00-05:00,69.26,69.26,69.26,69.26,117.0,0.0,0
2019-12-26 15:36:00-05:00,69.12,69.12,69.07,69.07,738.0,0.0,0
2019-12-26 15:46:00-05:00,69.26,69.36,69.26,69.36,654.0,0.0,0
2019-12-26 15:48:00-05:00,69.41,69.41,69.41,69.41,183.0,0.0,0
2019-12-26 15:56:00-05:00,69.23,69.23,69.23,69.23,174.0,0.0,0
2019-12-26 15:59:00-05:00,69.11,69.11,69.06,69.06,235.0,0.0,0
2019-12-27 09:30:00-05:00,70.46,70.46,70.37,70.37,2906.0,0.0,0
2019-12-27 09:31:00-05:00,70.38,70.38,70.37,70.38,580.0,0.0,0
2019-12-27 09:33:00-05:00,70.48,70.71,70.48,70.71,360.0,0.0,0
2019-12-27 09:34:00-05:00,70.57,70.57,70.57,70.57,147.0,0.0,0
2019-12-27 09:37:00-05:00,70.52,70.52,70.52,70.52,4000.0,0.0,0
2019-12-27 09:38:00-05:00,70.63,70.63,70.63,70.63,145.0,0.0,0
2019-12-27 09:39:00-05:00,70.7,70.7,70.7,70.7,100.0,0.0,0
2019-12-27 09:40:00-05:00,70.75,70.75,70.75,70.75,115.0,0.0,0
2019-12-27 09:44:00-05:00,70.68,70.68,70.68,70.68,310.0,0.0,0
2019-12-27 09:45:00-05:00,70.74,70.74,70.74,70.74,276.0,0.0,0
2019-12-27 09:49:00-05:00,70.66,70.66,70.66,70.66,140.0,0.0,0
2019-12-27 09:51:00-05:00,70.54,70.54,70.54,70.54,140.0,0.0,0
2019-12-27 09:53:00-05:00,70.47,70.47,70.47,70.47,100.0,0.0,0
2019-12-27 09:54:00-05:00,70.54,70.54,70.54,70.54,624.0,0.0,0
2019-12-27 09:55:00-05:00,70.57,70.57,70.57,70.57,161.0,0.0,0
2019-12-27 10:00:00-05:00,70.45,70.47,70.45,70.47,996.0,0.0,0
2019-12-27 10:01:00-05:00,70.49,70.49,70.49,70.49,101.0,0.0,0
2019-12-27 10:05:00-05:00,70.41,70.41,70.41,70.41,670.0,0.0,0
2019-12-27 10:09:00-05:00,70.5,70.5,70.5,70.5,275.0,0.0,0
2019-12-27 10:11:00-05:00,70.5,70.5,70.5,70.5,446.0,0.0,0
2019-12-27 10:13:00-05:00,70.5,70.5,70.5,70.5,1019.0,0.0,0
2019-12-27 10:16:00-05:00,70.74,70.74,70.73,70.73,449.0,0.0,0
2019-12-27 10:18:00-05:00,70.72,70.72,70.72,70.72,265.0,0.0,0
2019-12-27 10:19:00-05:00,70.76,70.76,70.76,70.76,400.0,0.0,0
2019-12-27 10:20:00-05:00,70.72,70.72,70.72,70.72,195.0,0.0,0
2019-12-27 10:23:00-05:00,70.73,70.73,70.73,70.73,135.0,0.0,0
2019-12-27 10:25:00-05:00,70.73,70.73,70.73,70.73,120.0,0.0,0
2019-12-27 10:26:00-05:00,70.7,70.7,70.7,70.7,186.0,0.0,0
2019-12-27 10:28:00-05:00,70.75,70.75,70.75,70.75,206.0,0.0,0
2019-12-27 10:30:00-05:00,70.8,70.86,70.8,70.86,5359.0,0.0,0
2019-12-27 10:31:00-05:00,70.86,70.86,70.86,70.86,2210.0,0.0,0
2019-12-27 10:35:00-05:00,70.76,70.76,70.76,70.76,134.0,0.0,0
2019-12-27 10:36:00-05:00,70.84,70.84,70.84,70.84,129.0,0.0,0
2019-12-27 10:38:00-05:00,70.8,70.8,70.8,70.8,561.0,0.0,0
2019-12-27 10:39:00-05:00,70.69,70.69,70.69,70.69,939.0,0.0,0
2019-12-27 10:40:00-05:00,70.76,70.76,70.76,70.76,405.0,0.0,0
2019-12-27 10:48:00-05:00,70.96,70.96,70.96,70.96,130.0,0.0,0
2019-12-27 10:49:00-05:00,71.0,71.0,71.0,71.0,100.0,0.0,0
2019-12-27 10:50:00-05:00,70.99,70.99,70.99,70.99,956.0,0.0,0
2019-12-27 10:52:00-05:00,71.01,71.01,71.01,71.01,0.0,0.0,0
2019-12-27 10:53:00-05:00,71.08,71.08,70.99,70.99,27785.0,0.0,0
2019-12-27 10:57:00-05:00,71.02,71.04,71.02,71.04,350.0,0.0,0
2019-12-27 10:59:00-05:00,71.07,71.1,71.07,71.09,3173.0,0.0,0
2019-12-27 11:04:00-05:00,71.05,71.05,71.05,71.05,111.0,0.0,0
2019-12-27 11:06:00-05:00,71.1,71.1,71.1,71.1,2017.0,0.0,0
2019-12-27 11:07:00-05:00,71.15,71.15,71.15,71.15,100.0,0.0,0
2019-12-27 11:08:00-05:00,71.09,71.25,71.09,71.24,1951.0,0.0,0
2019-12-27 11:09:00-05:00,71.24,71.24,71.08,71.08,677.0,0.0,0
2019-12-27 11:10:00-05:00,71.1,71.1,71.1,71.1,746.0,0.0,0
2019-12-27 11:11:00-05:00,71.1,71.1,71.1,71.1,1058.0,0.0,0
2019-12-27 11:13:00-05:00,71.23,71.23,71.16,71.16,1463.0,0.0,0
2019-12-27 11:15:00-05:00,71.12,71.12,71.12,71.12,100.0,0.0,0
2019-12-27 11:19:00-05:00,71.17,71.17,71.17,71.17,344.0,0.0,0
2019-12-27 11:25:00-05:00,71.19,71.23,71.19,71.23,1050.0,0.0,0
2019-12-27 11:26:00-05:00,71.23,71.23,71.23,71.23,385.0,0.0,0
2019-12-27 11:31:00-05:00,71.2,71.24,71.2,71.24,530.0,0.0,0
2019-12-27 11:32:00-05:00,71.25,71.25,71.23,71.23,500.0,0.0,0
2019-12-27 11:33:00-05:00,71.24,71.24,71.19,71.21,1000.0,0.0,0
2019-12-27 11:34:00-05:00,71.22,71.26,71.22,71.26,501.0,0.0,0
2019-12-27 11:35:00-05:00,71.2,71.2,71.2,71.2,500.0,0.0,0
2019-12-27 11:38:00-05:00,71.15,71.15,71.15,71.15,100.0,0.0,0
2019-12-27 11:39:00-05:00,71.07,71.07,71.07,71.07,100.0,0.0,0
2019-12-27 11:40:00-05:00,71.14,71.14,71.14,71.14,100.0,0.0,0
2019-12-27 11:41:00-05:00,71.06,71.06,71.06,71.06,278.0,0.0,0
2019-12-27 11:52:00-05:00,70.95,70.95,70.95,70.95,150.0,0.0,0
2019-12-27 11:55:00-05:00,71.04,71.1,71.04,71.07,2095.0,0.0,0
2019-12-27 12:01:00-05:00,71.02,71.02,71.02,71.02,199.0,0.0,0
2019-12-27 12:07:00-05:00,70.88,70.88,70.88,70.88,296.0,0.0,0
2019-12-27 12:34:00-05:00,70.56,70.56,70.56,70.56,268.0,0.0,0
2019-12-27 12:36:00-05:00,70.59,70.59,70.59,70.59,191.0,0.0,0
2019-12-27 12:41:00-05:00,70.46,70.46,70.46,70.46,700.0,0.0,0
2019-12-27 12:57:00-05:00,70.53,70.53,70.53,70.53,140.0,0.0,0
2019-12-27 12:58:00-05:00,70.53,70.53,70.53,70.53,1455.0,0.0,0
2019-12-27 13:36:00-05:00,70.53,70.53,70.53,70.53,377.0,0.0,0
2019-12-27 13:52:00-05:00,70.49,70.49,70.49,70.49,100.0,0.0,0
2019-12-27 13:53:00-05:00,70.49,70.49,70.49,70.49,423.0,0.0,0
2019-12-27 14:12:00-05:00,70.33,70.33,70.33,70.33,220.0,0.0,0
2019-12-27 14:14:00-05:00,70.42,70.42,70.42,70.42,100.0,0.0,0
2019-12-27 14:17:00-05:00,70.38,70.38,70.38,70.38,613.0,0.0,0
2019-12-27 14:42:00-05:00,70.38,70.38,70.38,70.38,231.0,0.0,0
2019-12-27 14:54:00-05:00,70.36,70.36,70.36,70.36,107.0,0.0,0
2019-12-27 14:57:00-05:00,70.42,70.42,70.42,70.42,102.0,0.0,0
2019-12-27 15:02:00-05:00,70.4,70.4,70.4,70.4,100.0,0.0,0
2019-12-27 15:05:00-05:00,70.3,70.3,70.3,70.3,339.0,0.0,0
2019-12-27 15:31:00-05:00,70.23,70.23,70.23,70.23,1500.0,0.0,0
2019-12-27 15:32:00-05:00,70.2,70.2,70.2,70.2,624.0,0.0,0
2019-12-27 15:38:00-05:00,70.24,70.24,70.24,70.24,270.0,0.0,0
2019-12-27 15:46:00-05:00,70.29,70.29,70.29,70.29,257.0,0.0,0
2019-12-27 15:52:00-05:00,70.34,70.54,70.32,70.54,869.0,0.0,0
2019-12-27 15:53:00-05:00,70.55,70.55,70.55,70.55,100.0,0.0,0
2019-12-27 15:56:00-05:00,70.72,70.72,70.72,70.72,182.0,0.0,0
2019-12-27 15:59:00-05:00,70.69,70.69,70.37,70.37,685.0,0.0,0
2019-12-30 09:30:00-05:00,70.98,71.04,70.98,71.04,0.0,0.0,0
2019-12-30 09:31:00-05:00,70.73,70.73,70.73,70.73,635.0,0.0,0
2019-12-30 09:38:00-05:00,70.65,70.65,70.65,70.65,770.0,0.0,0
2019-12-30 09:41:00-05:00,70.63,70.63,70.63,70.63,200.0,0.0,0
2019-12-30 09:43:00-05:00,70.74,70.74,70.74,70.74,130.0,0.0,0
2019-12-30 09:44:00-05:00,70.67,70.67,70.67,70.67,787.0,0.0,0
2019-12-30 09:49:00-05:00,70.53,70.53,70.53,70.53,120.0,0.0,0
2019-12-30 09:51:00-05:00,70.49,70.57,70.47,70.57,1600.0,0.0,0
2019-12-30 09:53:00-05:00,70.68,70.68,70.68,70.68,300.0,0.0,0
2019-12-30 09:54:00-05:00,70.74,70.74,70.74,70.74,117.0,0.0,0
2019-12-30 09:55:00-05:00,70.72,70.72,70.72,70.72,306.0,0.0,0
2019-12-30 09:56:00-05:00,70.62,70.62,70.62,70.62,100.0,0.0,0
2019-12-30 09:58:00-05:00,70.56,70.56,70.56,70.56,100.0,0.0,0
2019-12-30 10:01:00-05:00,70.61,70.61,70.61,70.61,121.0,0.0,0
2019-12-30 10:11:00-05:00,70.5,70.5,70.5,70.5,376.0,0.0,0
2019-12-30 10:12:00-05:00,70.47,70.47,70.47,70.47,150.0,0.0,0
2019-12-30 10:13:00-05:00,70.35,70.36,70.22,70.28,4889.0,0.0,0
2019-12-30 10:14:00-05:00,70.35,70.35,70.35,70.35,477.0,0.0,0
2019-12-30 10:23:00-05:00,70.1,70.1,70.1,70.1,100.0,0.0,0
2019-12-30 10:26:00-05:00,70.09,70.09,70.09,70.09,529.0,0.0,0
2019-12-30 10:32:00-05:00,70.11,70.11,70.11,70.11,137.0,0.0,0
2019-12-30 10:38:00-05:00,70.17,70.17,70.17,70.17,612.0,0.0,0
2019-12-30 10:45:00-05:00,70.23,70.23,70.23,70.23,262.0,0.0,0
2019-12-30 10:58:00-05:00,70.28,70.28,70.28,70.28,363.0,0.0,0
2019-12-30 11:03:00-05:00,70.18,70.18,70.18,70.18,0.0,0.0,0
2019-12-30 11:17:00-05:00,70.3,70.3,70.3,70.3,218.0,0.0,0
2019-12-30 11:26:00-05:00,70.31,70.31,70.3,70.3,322.0,0.0,0
2019-12-30 11:32:00-05:00,70.03,70.03,70.03,70.03,226.0,0.0,0
2019-12-30 11:37:00-05:00,69.84,69.85,69.84,69.85,970.0,0.0,0
2019-12-30 12:30:00-05:00,69.74,69.74,69.74,69.74,346.0,0.0,0
2019-12-30 12:31:00-05:00,69.77,69.77,69.77,69.77,282.0,0.0,0
2019-12-30 12:42:00-05:00,69.56,69.56,69.56,69.56,100.0,0.0,0
2019-12-30 12:44:00-05:00,69.59,69.59,69.59,69.59,315.0,0.0,0
2019-12-30 12:48:00-05:00,69.56,69.56,69.56,69.56,200.0,0.0,0
2019-12-30 12:49:00-05:00,69.5,69.5,69.5,69.5,200.0,0.0,0
2019-12-30 12:50:00-05:00,69.55,69.55,69.55,69.55,500.0,0.0,0
2019-12-30 12:57:00-05:00,69.61,69.61,69.59,69.59,700.0,0.0,0
2019-12-30 12:58:00-05:00,69.57,69.57,69.53,69.53,200.0,0.0,0
2019-12-30 12:59:00-05:00,69.53,69.53,69.53,69.53,100.0,0.0,0
2019-12-30 13:00:00-05:00,69.53,69.53,69.53,69.53,200.0,0.0,0
2019-12-30 13:01:00-05:00,69.53,69.53,69.53,69.53,100.0,0.0,0
2019-12-30 13:02:00-05:00,69.53,69.53,69.53,69.53,100.0,0.0,0
2019-12-30 13:03:00-05:00,69.53,69.53,69.52,69.52,200.0,0.0,0
2019-12-30 13:04:00-05:00,69.52,69.52,69.52,69.52,100.0,0.0,0
2019-12-30 13:05:00-05:00,69.51,69.51,69.51,69.51,176.0,0.0,0
2019-12-30 13:06:00-05:00,69.52,69.52,69.5,69.5,244.0,0.0,0
2019-12-30 13:07:00-05:00,69.44,69.44,69.44,69.44,561.0,0.0,0
2019-12-30 13:10:00-05:00,69.44,69.44,69.44,69.44,605.0,0.0,0
2019-12-30 13:21:00-05:00,69.52,69.52,69.52,69.52,500.0,0.0,0
2019-12-30 13:34:00-05:00,69.47,69.47,69.46,69.47,718.0,0.0,0
2019-12-30 14:01:00-05:00,69.57,69.57,69.57,69.57,346.0,0.0,0
2019-12-30 14:16:00-05:00,69.47,69.47,69.47,69.47,281.0,0.0,0
2019-12-30 14:35:00-05:00,69.36,69.37,69.28,69.28,420.0,0.0,0
2019-12-30 14:41:00-05:00,69.39,69.39,69.39,69.39,100.0,0.0,0
2019-12-30 14:44:00-05:00,69.44,69.44,69.44,69.44,100.0,0.0,0
2019-12-30 14:45:00-05:00,69.36,69.36,69.36,69.36,238.0,0.0,0
2019-12-30 15:18:00-05:00,69.3,69.3,69.3,69.3,258.0,0.0,0
2019-12-30 15:20:00-05:00,69.3,69.36,69.3,69.36,1750.0,0.0,0
2019-12-30 15:44:00-05:00,69.17,69.21,69.17,69.21,200.0,0.0,0
2019-12-30 15:47:00-05:00,69.12,69.15,69.11,69.11,2206.0,0.0,0
2019-12-30 15:48:00-05:00,69.19,69.19,69.13,69.17,1053.0,0.0,0
2019-12-30 15:51:00-05:00,69.06,69.06,69.06,69.06,307.0,0.0,0
2019-12-30 15:52:00-05:00,68.92,68.92,68.92,68.92,219.0,0.0,0
2019-12-30 15:55:00-05:00,68.91,68.91,68.91,68.91,157.0,0.0,0
2019-12-30 15:56:00-05:00,68.83,68.84,68.83,68.84,950.0,0.0,0
2019-12-30 15:57:00-05:00,68.87,68.87,68.81,68.81,418.0,0.0,0
2019-12-30 15:59:00-05:00,68.79,68.85,68.78,68.85,1245.0,0.0,0
2019-12-31 09:30:00-05:00,68.84,69.17,68.84,69.17,2676.0,0.0,0
2019-12-31 09:31:00-05:00,69.19,69.19,69.19,69.19,871.0,0.0,0
2019-12-31 09:48:00-05:00,69.52,69.61,69.47,69.61,921.0,0.0,0
2019-12-31 09:49:00-05:00,69.64,69.64,69.64,69.64,100.0,0.0,0
2019-12-31 09:50:00-05:00,69.62,69.62,69.62,69.62,130.0,0.0,0
2019-12-31 09:56:00-05:00,69.62,69.62,69.62,69.62,100.0,0.0,0
2019-12-31 09:58:00-05:00,69.64,69.64,69.64,69.64,105.0,0.0,0
2019-12-31 10:05:00-05:00,69.49,69.49,69.49,69.49,150.0,0.0,0
2019-12-31 10:12:00-05:00,69.64,69.64,69.58,69.58,340.0,0.0,0
2019-12-31 10:19:00-05:00,69.64,69.64,69.64,69.64,212.0,0.0,0
2019-12-31 10:22:00-05:00,69.72,69.72,69.72,69.72,424.0,0.0,0
2019-12-31 10:26:00-05:00,69.74,69.74,69.74,69.74,514.0,0.0,0
2019-12-31 10:42:00-05:00,69.46,69.46,69.46,69.46,153.0,0.0,0
2019-12-31 10:47:00-05:00,69.4,69.4,69.4,69.4,790.0,0.0,0
2019-12-31 10:52:00-05:00,69.07,69.07,69.07,69.07,156.0,0.0,0
2019-12-31 11:02:00-05:00,68.95,68.95,68.95,68.95,207.0,0.0,0
2019-12-31 11:13:00-05:00,68.85,68.85,68.85,68.85,142.0,0.0,0
2019-12-31 11:14:00-05:00,68.92,68.94,68.92,68.94,486.0,0.0,0
2019-12-31 11:46:00-05:00,68.91,68.91,68.91,68.91,132.0,0.0,0
2019-12-31 12:07:00-05:00,68.82,68.83,68.82,68.83,931.0,0.0,0
2019-12-31 12:37:00-05:00,68.94,68.94,68.94,68.94,100.0,0.0,0
2019-12-31 12:39:00-05:00,68.94,68.94,68.94,68.94,260.0,0.0,0
2019-12-31 12:44:00-05:00,69.0,69.0,69.0,69.0,940.0,0.0,0
2019-12-31 12:46:00-05:00,69.07,69.07,69.01,69.01,936.0,0.0,0
2019-12-31 12:54:00-05:00,69.03,69.03,69.03,69.03,231.0,0.0,0
2019-12-31 13:08:00-05:00,69.31,69.31,69.31,69.31,269.0,0.0,0
2019-12-31 13:16:00-05:00,69.35,69.35,69.35,69.35,265.0,0.0,0
2019-12-31 13:47:00-05:00,69.29,69.29,69.29,69.29,268.0,0.0,0
2019-12-31 15:10:00-05:00,69.36,69.36,69.36,69.36,1103.0,0.0,0
2019-12-31 15:15:00-05:00,69.49,69.5,69.49,69.5,680.0,0.0,0
2019-12-31 15:24:00-05:00,69.49,69.49,69.49,69.49,233.0,0.0,0
2019-12-31 15:25:00-05:00,69.51,69.51,69.51,69.51,250.0,0.0,0
2019-12-31 15:27:00-05:00,69.49,69.49,69.49,69.49,188.0,0.0,0
2019-12-31 15:43:00-05:00,69.66,69.66,69.66,69.66,104.0,0.0,0
2019-12-31 15:48:00-05:00,69.74,69.78,69.74,69.78,205.0,0.0,0
2019-12-31 15:51:00-05:00,69.65,69.65,69.65,69.65,272.0,0.0,0
2019-12-31 15:53:00-05:00,69.68,69.68,69.68,69.68,163.0,0.0,0
2019-12-31 15:55:00-05:00,69.69,69.69,69.69,69.69,256.0,0.0,0
2019-12-31 15:56:00-05:00,69.64,69.64,69.64,69.64,100.0,0.0,0
2019-12-31 15:59:00-05:00,69.96,70.0,69.93,70.0,319.0,0.0,0
2020-01-02 09:30:00-05:00,71.74,72.0,71.36,72.0,1288.0,0.0,0
2020-01-02 09:33:00-05:00,72.0,72.0,71.95,71.95,405.0,0.0,0
2020-01-02 09:34:00-05:00,72.38,72.38,72.38,72.38,375.0,0.0,0
2020-01-02 09:35:00-05:00,72.3,72.44,72.3,72.44,662.0,0.0,0
2020-01-02 09:36:00-05:00,72.45,72.5,72.45,72.5,357.0,0.0,0
2020-01-02 09:39:00-05:00,72.86,73.24,72.82,73.22,10428.0,0.0,0
2020-01-02 09:40:00-05:00,73.33,73.33,73.33,73.33,110.0,0.0,0
2020-01-02 09:41:00-05:00,73.6,73.6,73.55,73.55,616.0,0.0,0
2020-01-02 09:42:00-05:00,73.58,73.58,73.49,73.49,268.0,0.0,0
2020-01-02 09:43:00-05:00,73.62,73.62,73.62,73.62,341.0,0.0,0
2020-01-02 09:45:00-05:00,73.61,73.61,73.61,73.61,745.0,0.0,0
2020-01-02 09:48:00-05:00,73.3,73.59,73.3,73.59,447.0,0.0,0
2020-01-02 09:49:00-05:00,73.71,73.71,73.71,73.71,345.0,0.0,0
2020-01-02 09:51:00-05:00,73.93,73.95,73.93,73.95,532.0,0.0,0
2020-01-02 09:52:00-05:00,74.0,74.0,74.0,74.0,775.0,0.0,0
2020-01-02 09:53:00-05:00,74.09,74.18,74.09,74.18,200.0,0.0,0
2020-01-02 09:54:00-05:00,74.09,74.14,74.02,74.14,1051.0,0.0,0
2020-01-02 09:55:00-05:00,74.24,74.33,74.24,74.31,2193.0,0.0,0
2020-01-02 09:56:00-05:00,74.31,74.34,74.31,74.34,614.0,0.0,0
2020-01-02 09:58:00-05:00,74.42,74.42,74.32,74.32,382.0,0.0,0
2020-01-02 10:01:00-05:00,74.32,74.42,74.32,74.42,1506.0,0.0,0
2020-01-02 10:02:00-05:00,74.5,74.5,74.5,74.5,240.0,0.0,0
2020-01-02 10:03:00-05:00,74.42,74.65,74.42,74.65,810.0,0.0,0
2020-01-02 10:04:00-05:00,74.68,74.69,74.68,74.69,600.0,0.0,0
2020-01-02 10:05:00-05:00,74.6,74.66,74.6,74.66,436.0,0.0,0
2020-01-02 10:07:00-05:00,74.34,74.46,74.34,74.44,3005.0,0.0,0
2020-01-02 10:08:00-05:00,74.42,74.43,74.42,74.43,2676.0,0.0,0
2020-01-02 10:11:00-05:00,74.46,74.46,74.41,74.41,263.0,0.0,0
2020-01-02 10:12:00-05:00,74.3,74.3,74.3,74.3,180.0,0.0,0
2020-01-02 10:14:00-05:00,73.98,73.98,73.81,73.81,404.0,0.0,0
2020-01-02 10:16:00-05:00,73.63,73.63,73.63,73.63,150.0,0.0,0
2020-01-02 10:18:00-05:00,73.45,73.54,73.4,73.54,7272.0,0.0,0
2020-01-02 10:19:00-05:00,73.53,73.53,73.53,73.53,215.0,0.0,0
2020-01-02 10:21:00-05:00,73.33,73.33,73.33,73.33,426.0,0.0,0
2020-01-02 10:22:00-05:00,73.46,73.46,73.46,73.46,218.0,0.0,0
2020-01-02 10:23:00-05:00,73.14,73.14,73.08,73.08,554.0,0.0,0
2020-01-02 10:24:00-05:00,73.21,73.28,73.21,73.28,342.0,0.0,0
2020-01-02 10:25:00-05:00,73.24,73.28,73.24,73.28,718.0,0.0,0
2020-01-02 10:28:00-05:00,72.97,72.97,72.97,72.97,633.0,0.0,0
2020-01-02 10:30:00-05:00,72.95,72.96,72.95,72.96,351.0,0.0,0
2020-01-02 10:32:00-05:00,72.8,72.8,72.8,72.8,205.0,0.0,0
2020-01-02 10:33:00-05:00,72.97,73.02,72.97,73.02,1250.0,0.0,0
2020-01-02 10:34:00-05:00,73.1,73.12,73.1,73.12,431.0,0.0,0
2020-01-02 10:37:00-05:00,72.96,72.96,72.96,72.96,211.0,0.0,0
2020-01-02 10:39:00-05:00,73.18,73.18,73.18,73.18,628.0,0.0,0
2020-01-02 10:47:00-05:00,73.56,73.56,73.56,73.56,1188.0,0.0,0
2020-01-02 10:49:00-05:00,73.56,73.56,73.56,73.56,103.0,0.0,0
2020-01-02 10:50:00-05:00,73.62,73.62,73.62,73.62,100.0,0.0,0
2020-01-02 10:51:00-05:00,73.72,73.72,73.72,73.72,115.0,0.0,0
2020-01-02 10:55:00-05:00,73.8,73.8,73.8,73.8,100.0,0.0,0
2020-01-02 10:56:00-05:00,73.8,73.8,73.8,73.8,1501.0,0.0,0
2020-01-02 11:02:00-05:00,73.8,73.8,73.8,73.8,145.0,0.0,0
2020-01-02 11:03:00-05:00,73.9,73.9,73.9,73.9,755.0,0.0,0
2020-01-02 11:12:00-05:00,73.65,73.65,73.61,73.61,1041.0,0.0,0
2020-01-02 11:16:00-05:00,73.41,73.41,73.41,73.41,296.0,0.0,0
2020-01-02 11:18:00-05:00,73.44,73.44,73.44,73.44,171.0,0.0,0
2020-01-02 11:20:00-05:00,73.3,73.3,73.3,73.3,150.0,0.0,0
2020-01-02 11:24:00-05:00,73.32,73.32,73.32,73.32,251.0,0.0,0
2020-01-02 11:25:00-05:00,73.23,73.23,73.23,73.23,313.0,0.0,0
2020-01-02 11:38:00-05:00,73.12,73.12,73.12,73.12,100.0,0.0,0
2020-01-02 11:47:00-05:00,73.23,73.23,73.23,73.23,210.0,0.0,0
2020-01-02 11:51:00-05:00,73.37,73.4,73.37,73.4,800.0,0.0,0
2020-01-02 12:20:00-05:00,73.7,73.7,73.7,73.7,590.0,0.0,0
2020-01-02 12:37:00-05:00,73.9,73.9,73.9,73.9,440.0,0.0,0
2020-01-02 12:51:00-05:00,74.03,74.03,74.03,74.03,240.0,0.0,0
2020-01-02 12:52:00-05:00,74.08,74.08,74.08,74.08,255.0,0.0,0
2020-01-02 12:53:00-05:00,74.07,74.07,74.07,74.07,1000.0,0.0,0
2020-01-02 12:55:00-05:00,74.15,74.15,74.15,74.15,400.0,0.0,0
2020-01-02 12:57:00-05:00,74.2,74.2,74.2,74.2,335.0,0.0,0
2020-01-02 13:09:00-05:00,73.97,73.97,73.97,73.97,691.0,0.0,0
2020-01-02 13:16:00-05:00,74.02,74.02,74.02,74.02,100.0,0.0,0
2020-01-02 13:19:00-05:00,74.02,74.11,74.02,74.11,760.0,0.0,0
2020-01-02 13:22:00-05:00,74.01,74.01,74.01,74.01,257.0,0.0,0
2020-01-02 13:26:00-05:00,74.14,74.14,74.14,74.14,200.0,0.0,0
2020-01-02 13:27:00-05:00,74.21,74.21,74.21,74.21,100.0,0.0,0
2020-01-02 13:29:00-05:00,74.28,74.28,74.28,74.28,273.0,0.0,0
2020-01-02 13:30:00-05:00,74.31,74.31,74.31,74.31,231.0,0.0,0
2020-01-02 13:31:00-05:00,74.24,74.27,74.24,74.27,685.0,0.0,0
2020-01-02 13:40:00-05:00,74.62,74.62,74.62,74.62,300.0,0.0,0
2020-01-02 13:43:00-05:00,74.63,74.63,74.63,74.63,125.0,0.0,0
2020-01-02 13:47:00-05:00,74.63,74.63,74.63,74.63,100.0,0.0,0
2020-01-02 13:48:00-05:00,74.61,74.61,74.61,74.61,200.0,0.0,0
2020-01-02 13:52:00-05:00,74.69,74.69,74.69,74.69,100.0,0.0,0
2020-01-02 13:53:00-05:00,74.71,74.71,74.71,74.71,236.0,0.0,0
2020-01-02 13:54:00-05:00,74.75,74.77,74.75,74.77,882.0,0.0,0
2020-01-02 13:58:00-05:00,74.83,74.83,74.83,74.83,100.0,0.0,0
2020-01-02 14:00:00-05:00,74.94,74.94,74.94,74.94,129.0,0.0,0
2020-01-02 14:01:00-05:00,74.95,74.95,74.95,74.95,193.0,0.0,0
2020-01-02 14:04:00-05:00,74.94,74.94,74.94,74.94,200.0,0.0,0
2020-01-02 14:05:00-05:00,74.99,74.99,74.92,74.92,300.0,0.0,0
2020-01-02 14:06:00-05:00,74.99,74.99,74.88,74.89,717.0,0.0,0
2020-01-02 14:09:00-05:00,74.9,74.9,74.9,74.9,200.0,0.0,0
2020-01-02 14:13:00-05:00,74.94,74.95,74.94,74.95,227.0,0.0,0
2020-01-02 14:18:00-05:00,74.93,74.93,74.93,74.93,103.0,0.0,0
2020-01-02 14:22:00-05:00,74.99,74.99,74.99,74.99,474.0,0.0,0
2020-01-02 14:28:00-05:00,74.99,74.99,74.99,74.99,126.0,0.0,0
2020-01-02 14:30:00-05:00,75.06,75.06,75.06,75.06,599.0,0.0,0
2020-01-02 14:34:00-05:00,75.06,75.06,75.06,75.06,334.0,0.0,0
2020-01-02 14:38:00-05:00,74.95,74.95,74.95,74.95,730.0,0.0,0
2020-01-02 14:41:00-05:00,75.09,75.09,75.09,75.09,100.0,0.0,0
2020-01-02 14:46:00-05:00,75.12,75.12,75.12,75.12,120.0,0.0,0
2020-01-02 14:48:00-05:00,75.13,75.13,75.13,75.13,111.0,0.0,0
2020-01-02 14:54:00-05:00,75.15,75.15,75.15,75.15,119.0,0.0,0
2020-01-02 14:56:00-05:00,75.22,75.22,75.22,75.22,200.0,0.0,0
2020-01-02 14:59:00-05:00,75.21,75.21,75.21,75.21,553.0,0.0,0
2020-01-02 15:01:00-05:00,75.2,75.21,75.2,75.21,202.0,0.0,0
2020-01-02 15:03:00-05:00,75.17,75.17,75.17,75.17,398.0,0.0,0
2020-01-02 15:05:00-05:00,75.2,75.2,75.2,75.2,154.0,0.0,0
2020-01-02 15:07:00-05:00,75.2,75.2,75.2,75.2,166.0,0.0,0
2020-01-02 15:13:00-05:00,75.2,75.2,75.2,75.2,250.0,0.0,0
2020-01-02 15:14:00-05:00,75.24,75.28,75.2,75.28,1091.0,0.0,0
2020-01-02 15:16:00-05:00,75.28,75.28,75.26,75.26,529.0,0.0,0
2020-01-02 15:17:00-05:00,75.28,75.38,75.28,75.38,1070.0,0.0,0
2020-01-02 15:21:00-05:00,75.24,75.32,75.24,75.28,400.0,0.0,0
2020-01-02 15:22:00-05:00,75.31,75.31,75.27,75.27,549.0,0.0,0
2020-01-02 15:26:00-05:00,75.06,75.06,75.06,75.06,115.0,0.0,0
2020-01-02 15:27:00-05:00,75.1,75.1,75.1,75.1,483.0,0.0,0
2020-01-02 15:28:00-05:00,75.11,75.11,75.11,75.11,218.0,0.0,0
2020-01-02 15:31:00-05:00,74.99,75.04,74.99,75.04,1675.0,0.0,0
2020-01-02 15:34:00-05:00,75.0,75.02,75.0,75.02,1237.0,0.0,0
2020-01-02 15:36:00-05:00,75.03,75.03,74.89,74.89,380.0,0.0,0
2020-01-02 15:38:00-05:00,75.02,75.02,74.99,74.99,548.0,0.0,0
2020-01-02 15:40:00-05:00,75.0,75.08,75.0,75.08,570.0,0.0,0
2020-01-02 15:45:00-05:00,75.06,75.06,75.06,75.06,400.0,0.0,0
2020-01-02 15:48:00-05:00,74.99,74.99,74.99,74.99,441.0,0.0,0
2020-01-02 15:50:00-05:00,75.17,75.17,75.17,75.17,559.0,0.0,0
2020-01-02 15:51:00-05:00,75.2,75.2,75.2,75.2,416.0,0.0,0
2020-01-02 15:52:00-05:00,75.2,75.2,75.2,75.2,200.0,0.0,0
2020-01-02 15:53:00-05:00,75.2,75.2,75.2,75.2,191.0,0.0,0
2020-01-02 15:55:00-05:00,75.2,75.2,75.2,75.2,351.0,0.0,0
2020-01-02 15:56:00-05:00,75.15,75.15,75.15,75.15,433.0,0.0,0
2020-01-02 15:58:00-05:00,75.24,75.24,75.24,75.24,348.0,0.0,0
2020-01-02 15:59:00-05:00,75.06,75.07,74.96,74.96,1821.0,0.0,0
2020-01-03 09:30:00-05:00,71.16,71.16,70.6,70.86,10303.0,0.0,0
2020-01-03 09:31:00-05:00,70.95,70.95,70.95,70.95,200.0,0.0,0
2020-01-03 09:32:00-05:00,71.19,71.19,71.19,71.19,1903.0,0.0,0
2020-01-03 09:33:00-05:00,71.46,71.46,71.46,71.46,412.0,0.0,0
2020-01-03 09:34:00-05:00,71.49,71.49,71.48,71.48,465.0,0.0,0
2020-01-03 09:36:00-05:00,71.26,71.37,71.25,71.25,330.0,0.0,0
2020-01-03 09:37:00-05:00,71.35,71.35,71.24,71.26,575.0,0.0,0
2020-01-03 09:38:00-05:00,71.28,71.28,71.28,71.28,100.0,0.0,0
2020-01-03 09:40:00-05:00,71.33,71.42,71.33,71.34,428.0,0.0,0
2020-01-03 09:41:00-05:00,71.47,71.47,71.47,71.47,378.0,0.0,0
2020-01-03 09:47:00-05:00,71.62,71.62,71.6,71.6,510.0,0.0,0
2020-01-03 09:48:00-05:00,71.6,71.6,71.6,71.6,305.0,0.0,0
2020-01-03 09:50:00-05:00,71.62,71.62,71.61,71.61,1454.0,0.0,0
2020-01-03 09:51:00-05:00,71.55,71.55,71.55,71.55,295.0,0.0,0
2020-01-03 09:54:00-05:00,71.58,71.58,71.58,71.58,100.0,0.0,0
2020-01-03 09:55:00-05:00,71.6,71.62,71.58,71.6,2157.0,0.0,0
2020-01-03 09:57:00-05:00,71.73,71.73,71.73,71.73,249.0,0.0,0
2020-01-03 09:58:00-05:00,71.75,71.75,71.75,71.75,166.0,0.0,0
2020-01-03 09:59:00-05:00,71.75,71.75,71.75,71.75,100.0,0.0,0
2020-01-03 10:00:00-05:00,71.71,71.72,71.56,71.56,1729.0,0.0,0
2020-01-03 10:03:00-05:00,71.67,71.67,71.67,71.67,105.0,0.0,0
2020-01-03 10:05:00-05:00,71.67,71.67,71.63,71.63,331.0,0.0,0
2020-01-03 10:12:00-05:00,71.89,71.89,71.85,71.85,308.0,0.0,0
2020-01-03 10:15:00-05:00,71.85,71.85,71.85,71.85,220.0,0.0,0
2020-01-03 10:17:00-05:00,71.94,71.94,71.94,71.94,417.0,0.0,0
2020-01-03 10:19:00-05:00,71.89,71.89,71.89,71.89,420.0,0.0,0
2020-01-03 10:20:00-05:00,71.8,71.81,71.71,71.71,1851.0,0.0,0
2020-01-03 10:27:00-05:00,71.73,71.73,71.65,71.71,623.0,0.0,0
2020-01-03 10:28:00-05:00,71.67,71.67,71.67,71.67,347.0,0.0,0
2020-01-03 10:30:00-05:00,71.58,71.58,71.44,71.56,690.0,0.0,0
2020-01-03 10:40:00-05:00,71.43,71.43,71.43,71.43,276.0,0.0,0
2020-01-03 10:58:00-05:00,71.55,71.55,71.55,71.55,183.0,0.0,0
2020-01-03 11:03:00-05:00,71.71,71.71,71.71,71.71,103.0,0.0,0
2020-01-03 11:07:00-05:00,71.83,71.84,71.79,71.79,500.0,0.0,0
2020-01-03 11:10:00-05:00,71.77,71.77,71.77,71.77,314.0,0.0,0
2020-01-03 11:13:00-05:00,72.0,72.0,72.0,72.0,309.0,0.0,0
2020-01-03 11:18:00-05:00,72.02,72.02,72.02,72.02,310.0,0.0,0
2020-01-03 11:27:00-05:00,71.99,71.99,71.99,71.99,557.0,0.0,0
2020-01-03 11:28:00-05:00,71.83,71.83,71.83,71.83,271.0,0.0,0
2020-01-03 11:56:00-05:00,71.64,71.64,71.64,71.64,106.0,0.0,0
2020-01-03 12:01:00-05:00,71.65,71.65,71.65,71.65,205.0,0.0,0
2020-01-03 12:02:00-05:00,71.73,71.74,71.73,71.74,441.0,0.0,0
2020-01-03 12:07:00-05:00,71.75,71.75,71.75,71.75,611.0,0.0,0
2020-01-03 12:08:00-05:00,71.78,71.78,71.78,71.78,200.0,0.0,0
2020-01-03 12:09:00-05:00,71.81,71.82,71.81,71.82,800.0,0.0,0
2020-01-03 12:10:00-05:00,71.91,71.91,71.91,71.91,360.0,0.0,0
2020-01-03 12:11:00-05:00,71.91,71.91,71.91,71.91,0.0,0.0,0
2020-01-03 12:13:00-05:00,71.82,71.83,71.82,71.82,2373.0,0.0,0
2020-01-03 12:23:00-05:00,71.8,71.8,71.8,71.8,204.0,0.0,0
2020-01-03 12:41:00-05:00,72.06,72.06,72.05,72.05,742.0,0.0,0
2020-01-03 13:04:00-05:00,72.05,72.05,72.05,72.05,479.0,0.0,0
2020-01-03 13:09:00-05:00,71.92,71.93,71.9,71.9,2199.0,0.0,0
2020-01-03 13:10:00-05:00,71.9,71.9,71.9,71.9,1810.0,0.0,0
2020-01-03 13:12:00-05:00,71.71,71.71,71.71,71.71,104.0,0.0,0
2020-01-03 13:16:00-05:00,71.52,71.54,71.52,71.54,244.0,0.0,0
2020-01-03 13:17:00-05:00,71.46,71.52,71.43,71.43,567.0,0.0,0
2020-01-03 13:19:00-05:00,71.36,71.36,71.36,71.36,107.0,0.0,0
2020-01-03 13:30:00-05:00,71.21,71.21,71.21,71.21,124.0,0.0,0
2020-01-03 13:33:00-05:00,71.25,71.25,71.25,71.25,252.0,0.0,0
2020-01-03 13:35:00-05:00,71.18,71.18,71.18,71.18,404.0,0.0,0
2020-01-03 13:36:00-05:00,71.01,71.01,71.01,71.01,154.0,0.0,0
2020-01-03 13:40:00-05:00,71.4,71.4,71.37,71.37,1119.0,0.0,0
2020-01-03 13:51:00-05:00,71.04,71.04,71.04,71.04,360.0,0.0,0
2020-01-03 13:55:00-05:00,71.0,71.0,71.0,71.0,652.0,0.0,0
2020-01-03 13:57:00-05:00,71.02,71.02,71.02,71.02,273.0,0.0,0
2020-01-03 14:04:00-05:00,70.73,70.73,70.73,70.73,110.0,0.0,0
2020-01-03 14:11:00-05:00,70.78,70.79,70.78,70.79,200.0,0.0,0
2020-01-03 14:14:00-05:00,70.79,70.79,70.73,70.73,759.0,0.0,0
2020-01-03 14:26:00-05:00,70.71,70.71,70.71,70.71,230.0,0.0,0
2020-01-03 14:28:00-05:00,70.64,70.64,70.6,70.6,426.0,0.0,0
2020-01-03 14:29:00-05:00,70.52,70.52,70.52,70.52,112.0,0.0,0
2020-01-03 14:33:00-05:00,70.53,70.53,70.53,70.53,130.0,0.0,0
2020-01-03 14:36:00-05:00,70.63,70.63,70.63,70.63,120.0,0.0,0
2020-01-03 14:46:00-05:00,70.52,70.52,70.47,70.47,1121.0,0.0,0
2020-01-03 14:47:00-05:00,70.47,70.47,70.45,70.45,780.0,0.0,0
2020-01-03 14:58:00-05:00,70.61,70.61,70.61,70.61,559.0,0.0,0
2020-01-03 14:59:00-05:00,70.67,70.67,70.67,70.67,123.0,0.0,0
2020-01-03 15:01:00-05:00,70.69,70.69,70.69,70.69,506.0,0.0,0
2020-01-03 15:03:00-05:00,70.88,70.88,70.88,70.88,944.0,0.0,0
2020-01-03 15:10:00-05:00,70.7,70.7,70.7,70.7,0.0,0.0,0
2020-01-03 15:11:00-05:00,70.74,70.74,70.74,70.74,51585.0,0.0,0
2020-01-03 15:17:00-05:00,70.57,70.57,70.57,70.57,192.0,0.0,0
2020-01-03 15:19:00-05:00,70.53,70.53,70.53,70.53,374.0,0.0,0
2020-01-03 15:22:00-05:00,70.62,70.62,70.62,70.62,501.0,0.0,0
2020-01-03 15:24:00-05:00,70.6,70.6,70.6,70.6,443.0,0.0,0
2020-01-03 15:27:00-05:00,70.5,70.5,70.5,70.5,320.0,0.0,0
2020-01-03 15:39:00-05:00,70.5,70.5,70.5,70.5,119.0,0.0,0
2020-01-03 15:40:00-05:00,70.47,70.47,70.47,70.47,103.0,0.0,0
2020-01-03 15:42:00-05:00,70.5,70.5,70.5,70.5,225.0,0.0,0
2020-01-03 15:44:00-05:00,70.53,70.53,70.53,70.53,402.0,0.0,0
2020-01-03 15:49:00-05:00,70.54,70.54,70.54,70.54,807.0,0.0,0
2020-01-03 15:51:00-05:00,70.49,70.49,70.49,70.49,579.0,0.0,0
2020-01-03 15:52:00-05:00,70.45,70.47,70.41,70.46,1805.0,0.0,0
2020-01-03 15:53:00-05:00,70.45,70.45,70.45,70.45,103.0,0.0,0
2020-01-03 15:54:00-05:00,70.45,70.45,70.45,70.45,155.0,0.0,0
2020-01-03 15:55:00-05:00,70.53,70.53,70.53,70.53,241.0,0.0,0
2020-01-03 15:57:00-05:00,70.59,70.59,70.59,70.59,223.0,0.0,0
2020-01-03 15:58:00-05:00,70.62,70.62,70.62,70.62,467.0,0.0,0
2020-01-03 15:59:00-05:00,70.73,70.73,70.73,70.73,310.0,0.0,0
2020-01-06 09:30:00-05:00,70.61,70.61,70.61,70.61,0.0,0.0,0
2020-01-06 09:31:00-05:00,70.67,70.71,70.67,70.7,526.0,0.0,0
2020-01-06 09:33:00-05:00,70.89,70.89,70.87,70.87,631.0,0.0,0
2020-01-06 09:34:00-05:00,70.78,70.78,70.78,70.78,140.0,0.0,0
2020-01-06 09:35:00-05:00,70.73,70.73,70.73,70.73,137.0,0.0,0
2020-01-06 09:38:00-05:00,70.72,70.72,70.72,70.72,142.0,0.0,0
2020-01-06 09:41:00-05:00,70.89,70.89,70.89,70.89,409.0,0.0,0
2020-01-06 09:42:00-05:00,70.92,70.92,70.92,70.92,100.0,0.0,0
2020-01-06 09:43:00-05:00,71.01,71.01,71.01,71.01,712.0,0.0,0
2020-01-06 10:04:00-05:00,71.18,71.24,71.09,71.09,2425.0,0.0,0
2020-01-06 10:08:00-05:00,71.29,71.29,71.29,71.29,100.0,0.0,0
2020-01-06 10:09:00-05:00,71.28,71.28,71.28,71.28,120.0,0.0,0
2020-01-06 10:10:00-05:00,71.41,71.41,71.37,71.37,340.0,0.0,0
2020-01-06 10:11:00-05:00,71.39,71.39,71.39,71.39,427.0,0.0,0
2020-01-06 10:15:00-05:00,71.47,71.47,71.47,71.47,396.0,0.0,0
2020-01-06 10:25:00-05:00,71.59,71.59,71.59,71.59,157.0,0.0,0
2020-01-06 10:27:00-05:00,71.63,71.65,71.63,71.65,1605.0,0.0,0
2020-01-06 10:31:00-05:00,71.71,71.71,71.71,71.71,112.0,0.0,0
2020-01-06 10:32:00-05:00,71.64,71.64,71.64,71.64,202.0,0.0,0
2020-01-06 10:38:00-05:00,71.83,71.83,71.8,71.8,350.0,0.0,0
2020-01-06 10:39:00-05:00,71.83,71.83,71.83,71.83,470.0,0.0,0
2020-01-06 10:41:00-05:00,71.97,71.97,71.97,71.97,345.0,0.0,0
2020-01-06 10:43:00-05:00,72.03,72.03,72.03,72.03,100.0,0.0,0
2020-01-06 10:44:00-05:00,72.0,72.0,72.0,72.0,295.0,0.0,0
2020-01-06 10:47:00-05:00,72.15,72.19,72.1,72.1,1010.0,0.0,0
2020-01-06 10:49:00-05:00,72.24,72.24,72.2,72.21,655.0,0.0,0
2020-01-06 10:50:00-05:00,72.22,72.22,72.22,72.22,196.0,0.0,0
2020-01-06 10:54:00-05:00,72.36,72.46,72.33,72.33,2727.0,0.0,0
2020-01-06 10:55:00-05:00,72.44,72.45,72.44,72.45,246.0,0.0,0
2020-01-06 10:56:00-05:00,72.31,72.31,72.31,72.31,336.0,0.0,0
2020-01-06 11:05:00-05:00,72.17,72.17,72.15,72.15,0.0,0.0,0
2020-01-06 11:08:00-05:00,72.14,72.17,72.14,72.17,1025.0,0.0,0
2020-01-06 11:14:00-05:00,72.12,72.12,72.1,72.1,2201.0,0.0,0
2020-01-06 11:19:00-05:00,72.26,72.26,72.26,72.26,385.0,0.0,0
2020-01-06 11:21:00-05:00,72.35,72.42,72.35,72.42,300.0,0.0,0
2020-01-06 11:22:00-05:00,72.51,72.51,72.51,72.51,152.0,0.0,0
2020-01-06 11:24:00-05:00,72.4,72.4,72.4,72.4,470.0,0.0,0
2020-01-06 11:34:00-05:00,72.7,72.7,72.7,72.7,162.0,0.0,0
2020-01-06 11:37:00-05:00,72.71,72.71,72.71,72.71,546.0,0.0,0
2020-01-06 12:05:00-05:00,72.5,72.5,72.5,72.5,860.0,0.0,0
2020-01-06 12:07:00-05:00,72.5,72.5,72.5,72.5,301.0,0.0,0
2020-01-06 12:19:00-05:00,72.31,72.31,72.27,72.27,544.0,0.0,0
2020-01-06 12:22:00-05:00,72.31,72.31,72.31,72.31,251.0,0.0,0
2020-01-06 12:42:00-05:00,72.33,72.33,72.33,72.33,151.0,0.0,0
2020-01-06 13:01:00-05:00,72.5,72.5,72.5,72.5,298.0,0.0,0
2020-01-06 13:15:00-05:00,72.75,72.8,72.75,72.8,500.0,0.0,0
2020-01-06 13:21:00-05:00,73.0,73.01,73.0,73.01,950.0,0.0,0
2020-01-06 13:23:00-05:00,73.0,73.0,73.0,73.0,154.0,0.0,0
2020-01-06 13:27:00-05:00,73.02,73.02,73.02,73.02,110.0,0.0,0
2020-01-06 13:34:00-05:00,72.86,72.87,72.8,72.87,400.0,0.0,0
2020-01-06 13:47:00-05:00,72.93,72.93,72.93,72.93,212.0,0.0,0
2020-01-06 14:04:00-05:00,72.74,72.74,72.74,72.74,360.0,0.0,0
2020-01-06 14:28:00-05:00,72.81,72.81,72.81,72.81,272.0,0.0,0
2020-01-06 14:30:00-05:00,72.75,72.75,72.75,72.75,300.0,0.0,0
2020-01-06 14:32:00-05:00,72.75,72.75,72.75,72.75,270.0,0.0,0
2020-01-06 14:33:00-05:00,72.8,72.8,72.8,72.8,206.0,0.0,0
2020-01-06 14:35:00-05:00,72.7,72.7,72.7,72.7,1102.0,0.0,0
2020-01-06 14:37:00-05:00,72.89,72.89,72.89,72.89,409.0,0.0,0
2020-01-06 15:04:00-05:00,72.88,72.88,72.88,72.88,121.0,0.0,0
2020-01-06 15:06:00-05:00,72.83,72.83,72.83,72.83,1444.0,0.0,0
2020-01-06 15:24:00-05:00,72.87,73.01,72.87,73.01,1108.0,0.0,0
2020-01-06 15:31:00-05:00,72.81,72.81,72.81,72.81,131.0,0.0,0
2020-01-06 15:34:00-05:00,72.79,72.79,72.79,72.79,158.0,0.0,0
2020-01-06 15:42:00-05:00,72.91,72.93,72.9,72.93,385.0,0.0,0
2020-01-06 15:48:00-05:00,72.93,72.93,72.93,72.93,452.0,0.0,0
2020-01-06 15:53:00-05:00,73.0,73.09,73.0,73.08,1309.0,0.0,0
2020-01-06 15:54:00-05:00,72.98,72.98,72.97,72.97,475.0,0.0,0
2020-01-06 15:55:00-05:00,72.91,72.91,72.91,72.91,115.0,0.0,0
2020-01-06 15:56:00-05:00,72.89,72.98,72.89,72.94,514.0,0.0,0
2020-01-06 15:57:00-05:00,72.92,72.98,72.91,72.96,908.0,0.0,0
2020-01-06 15:58:00-05:00,72.98,73.0,72.98,72.99,746.0,0.0,0
2020-01-06 15:59:00-05:00,73.06,73.06,73.06,73.06,211.0,0.0,0
2020-01-07 09:30:00-05:00,72.77,72.77,72.77,72.77,547.0,0.0,0
2020-01-07 09:31:00-05:00,72.67,72.67,72.67,72.67,210.0,0.0,0
2020-01-07 09:33:00-05:00,72.59,72.59,72.59,72.59,188.0,0.0,0
2020-01-07 09:36:00-05:00,72.81,72.81,72.81,72.81,260.0,0.0,0
2020-01-07 09:40:00-05:00,72.6,72.6,72.6,72.6,438.0,0.0,0
2020-01-07 09:42:00-05:00,72.43,72.43,72.43,72.43,216.0,0.0,0
2020-01-07 09:43:00-05:00,72.39,72.39,72.39,72.39,414.0,0.0,0
2020-01-07 09:44:00-05:00,72.29,72.29,72.29,72.29,101.0,0.0,0
2020-01-07 09:45:00-05:00,72.33,72.33,72.33,72.33,231.0,0.0,0
2020-01-07 09:47:00-05:00,72.21,72.21,72.21,72.21,159.0,0.0,0
2020-01-07 09:48:00-05:00,72.2,72.2,72.19,72.19,1126.0,0.0,0
2020-01-07 09:49:00-05:00,72.28,72.28,72.28,72.28,242.0,0.0,0
2020-01-07 09:50:00-05:00,72.28,72.28,72.21,72.21,272.0,0.0,0
2020-01-07 09:53:00-05:00,72.29,72.29,72.29,72.29,101.0,0.0,0
2020-01-07 09:56:00-05:00,72.55,72.65,72.55,72.65,558.0,0.0,0
2020-01-07 10:14:00-05:00,73.0,73.05,73.0,73.05,1641.0,0.0,0
2020-01-07 10:18:00-05:00,73.0,73.0,73.0,73.0,1004.0,0.0,0
2020-01-07 11:02:00-05:00,73.21,73.21,73.21,73.21,150.0,0.0,0
2020-01-07 11:04:00-05:00,73.26,73.33,73.2,73.2,806.0,0.0,0
2020-01-07 11:06:00-05:00,73.24,73.24,73.24,73.24,495.0,0.0,0
2020-01-07 11:09:00-05:00,73.17,73.28,73.16,73.28,1064.0,0.0,0
2020-01-07 11:10:00-05:00,73.1,73.1,73.1,73.1,500.0,0.0,0
2020-01-07 11:14:00-05:00,72.99,72.99,72.99,72.99,184.0,0.0,0
2020-01-07 11:16:00-05:00,72.97,72.97,72.94,72.94,590.0,0.0,0
2020-01-07 11:26:00-05:00,73.12,73.12,73.12,73.12,1425.0,0.0,0
2020-01-07 11:30:00-05:00,73.04,73.04,73.02,73.02,422.0,0.0,0
2020-01-07 11:37:00-05:00,72.73,72.73,72.72,72.72,350.0,0.0,0
2020-01-07 11:38:00-05:00,72.61,72.61,72.61,72.61,286.0,0.0,0
2020-01-07 11:42:00-05:00,72.66,72.66,72.66,72.66,314.0,0.0,0
2020-01-07 11:58:00-05:00,72.54,72.54,72.54,72.54,186.0,0.0,0
2020-01-07 12:11:00-05:00,72.51,72.51,72.51,72.51,117.0,0.0,0
2020-01-07 12:24:00-05:00,72.65,72.65,72.65,72.65,430.0,0.0,0
2020-01-07 12:55:00-05:00,72.44,72.44,72.41,72.43,1217.0,0.0,0
2020-01-07 12:56:00-05:00,72.33,72.33,72.33,72.33,600.0,0.0,0
2020-01-07 12:57:00-05:00,72.3,72.3,72.3,72.3,350.0,0.0,0
2020-01-07 13:09:00-05:00,72.48,72.48,72.48,72.48,435.0,0.0,0
2020-01-07 13:45:00-05:00,72.34,72.34,72.34,72.34,100.0,0.0,0
2020-01-07 13:53:00-05:00,72.31,72.31,72.31,72.31,202.0,0.0,0
2020-01-07 14:17:00-05:00,72.25,72.25,72.25,72.25,301.0,0.0,0
2020-01-07 14:21:00-05:00,72.22,72.22,72.2,72.2,360.0,0.0,0
2020-01-07 14:40:00-05:00,72.13,72.13,72.13,72.13,369.0,0.0,0
2020-01-07 14:57:00-05:00,72.21,72.22,72.21,72.21,613.0,0.0,0
2020-01-07 15:02:00-05:00,72.3,72.3,72.3,72.3,349.0,0.0,0
2020-01-07 15:16:00-05:00,72.31,72.31,72.1,72.1,1292.0,0.0,0
2020-01-07 15:36:00-05:00,72.14,72.14,72.14,72.14,224.0,0.0,0
2020-01-07 15:49:00-05:00,72.14,72.14,72.14,72.14,811.0,0.0,0
2020-01-07 15:57:00-05:00,72.1,72.1,72.1,72.1,226.0,0.0,0
2020-01-07 15:58:00-05:00,72.1,72.1,72.1,72.1,118.0,0.0,0
2020-01-07 15:59:00-05:00,72.12,72.16,72.08,72.16,976.0,0.0,0
2020-01-08 09:30:00-05:00,74.8,74.8,74.55,74.78,2922.0,0.0,0
2020-01-08 09:31:00-05:00,75.0,75.0,75.0,75.0,570.0,0.0,0
2020-01-08 09:34:00-05:00,74.82,74.82,74.82,74.82,235.0,0.0,0
2020-01-08 09:35:00-05:00,74.72,74.72,74.72,74.72,200.0,0.0,0
2020-01-08 09:36:00-05:00,74.64,74.64,74.64,74.64,100.0,0.0,0
2020-01-08 09:38:00-05:00,74.76,74.76,74.76,74.76,250.0,0.0,0
2020-01-08 09:40:00-05:00,74.69,74.69,74.66,74.66,541.0,0.0,0
2020-01-08 09:42:00-05:00,74.66,74.66,74.61,74.61,1206.0,0.0,0
2020-01-08 09:45:00-05:00,74.72,74.72,74.72,74.72,156.0,0.0,0
2020-01-08 09:46:00-05:00,74.75,74.75,74.73,74.73,660.0,0.0,0
2020-01-08 09:48:00-05:00,74.67,74.67,74.67,74.67,150.0,0.0,0
2020-01-08 09:49:00-05:00,74.79,74.79,74.79,74.79,364.0,0.0,0
2020-01-08 09:52:00-05:00,74.79,74.79,74.79,74.79,624.0,0.0,0
2020-01-08 09:56:00-05:00,75.0,75.04,75.0,75.04,1193.0,0.0,0
2020-01-08 09:57:00-05:00,74.97,74.97,74.97,74.97,100.0,0.0,0
2020-01-08 09:59:00-05:00,75.1,75.15,75.1,75.15,301.0,0.0,0
2020-01-08 10:00:00-05:00,75.12,75.12,75.11,75.11,298.0,0.0,0
2020-01-08 10:02:00-05:00,74.89,74.89,74.89,74.89,205.0,0.0,0
2020-01-08 10:07:00-05:00,74.98,74.98,74.96,74.96,441.0,0.0,0
2020-01-08 10:16:00-05:00,75.19,75.19,75.19,75.19,200.0,0.0,0
2020-01-08 10:17:00-05:00,75.0,75.0,75.0,75.0,260.0,0.0,0
2020-01-08 10:21:00-05:00,75.0,75.0,75.0,75.0,100.0,0.0,0
2020-01-08 10:22:00-05:00,75.12,75.13,75.12,75.13,405.0,0.0,0
2020-01-08 10:23:00-05:00,75.14,75.18,75.11,75.18,3996.0,0.0,0
2020-01-08 10:29:00-05:00,75.24,75.24,75.24,75.24,673.0,0.0,0
2020-01-08 10:30:00-05:00,75.07,75.07,74.83,74.83,681.0,0.0,0
2020-01-08 10:32:00-05:00,75.08,75.08,75.08,75.08,260.0,0.0,0
2020-01-08 10:37:00-05:00,74.77,74.77,74.77,74.77,273.0,0.0,0
2020-01-08 10:40:00-05:00,74.7,74.7,74.67,74.68,2345.0,0.0,0
2020-01-08 10:41:00-05:00,74.73,74.73,74.73,74.73,203.0,0.0,0
2020-01-08 10:45:00-05:00,74.78,74.78,74.78,74.78,101.0,0.0,0
2020-01-08 10:46:00-05:00,74.76,74.76,74.76,74.76,400.0,0.0,0
2020-01-08 10:48:00-05:00,74.58,74.58,74.58,74.58,310.0,0.0,0
2020-01-08 10:49:00-05:00,74.6,74.6,74.6,74.6,100.0,0.0,0
2020-01-08 10:50:00-05:00,74.73,74.73,74.73,74.73,520.0,0.0,0
2020-01-08 10:53:00-05:00,74.62,74.62,74.62,74.62,1498.0,0.0,0
2020-01-08 11:01:00-05:00,74.41,74.44,74.41,74.44,400.0,0.0,0
2020-01-08 11:03:00-05:00,74.35,74.35,74.35,74.35,301.0,0.0,0
2020-01-08 11:08:00-05:00,74.64,74.64,74.64,74.64,118.0,0.0,0
2020-01-08 11:10:00-05:00,74.47,74.47,74.47,74.47,210.0,0.0,0
2020-01-08 11:14:00-05:00,74.36,74.36,74.36,74.36,353.0,0.0,0
2020-01-08 11:25:00-05:00,74.14,74.14,74.14,74.14,483.0,0.0,0
2020-01-08 11:28:00-05:00,74.11,74.11,74.11,74.11,840.0,0.0,0
2020-01-08 11:30:00-05:00,74.05,74.05,74.05,74.05,962.0,0.0,0
2020-01-08 11:34:00-05:00,74.41,74.41,74.41,74.41,191.0,0.0,0
2020-01-08 11:36:00-05:00,74.52,74.52,74.52,74.52,479.0,0.0,0
2020-01-08 11:43:00-05:00,75.03,75.05,75.03,75.05,658.0,0.0,0
2020-01-08 11:45:00-05:00,75.09,75.09,75.09,75.09,252.0,0.0,0
2020-01-08 11:46:00-05:00,75.05,75.05,75.05,75.05,1110.0,0.0,0
2020-01-08 11:49:00-05:00,75.16,75.25,75.16,75.25,954.0,0.0,0
2020-01-08 11:50:00-05:00,75.23,75.23,75.23,75.23,291.0,0.0,0
2020-01-08 11:51:00-05:00,75.23,75.23,75.23,75.23,709.0,0.0,0
2020-01-08 11:53:00-05:00,75.44,75.44,75.44,75.44,200.0,0.0,0
2020-01-08 11:54:00-05:00,75.44,75.55,75.44,75.54,1991.0,0.0,0
2020-01-08 11:58:00-05:00,75.88,75.88,75.88,75.88,1000.0,0.0,0
2020-01-08 11:59:00-05:00,75.88,75.96,75.82,75.87,915.0,0.0,0
2020-01-08 12:00:00-05:00,75.77,75.89,75.77,75.77,341.0,0.0,0
2020-01-08 12:01:00-05:00,75.92,75.92,75.91,75.91,200.0,0.0,0
2020-01-08 12:02:00-05:00,75.94,75.94,75.94,75.94,818.0,0.0,0
2020-01-08 12:03:00-05:00,76.17,76.17,76.17,76.17,100.0,0.0,0
2020-01-08 12:04:00-05:00,76.28,76.49,76.28,76.49,350.0,0.0,0
2020-01-08 12:05:00-05:00,76.48,76.7,76.48,76.7,902.0,0.0,0
2020-01-08 12:06:00-05:00,76.54,76.54,76.54,76.54,100.0,0.0,0
2020-01-08 12:07:00-05:00,76.45,76.63,76.45,76.5,921.0,0.0,0
2020-01-08 12:10:00-05:00,76.27,76.27,76.27,76.27,150.0,0.0,0
2020-01-08 12:11:00-05:00,76.35,76.39,76.34,76.39,390.0,0.0,0
2020-01-08 12:13:00-05:00,76.21,76.21,76.15,76.15,1441.0,0.0,0
2020-01-08 12:15:00-05:00,76.18,76.18,76.18,76.18,154.0,0.0,0
2020-01-08 12:16:00-05:00,76.01,76.01,76.01,76.01,202.0,0.0,0
2020-01-08 12:19:00-05:00,75.92,75.92,75.92,75.92,245.0,0.0,0
2020-01-08 12:22:00-05:00,76.23,76.4,76.23,76.4,845.0,0.0,0
2020-01-08 12:24:00-05:00,76.55,76.55,76.55,76.55,550.0,0.0,0
2020-01-08 12:25:00-05:00,76.66,76.66,76.66,76.66,903.0,0.0,0
2020-01-08 12:34:00-05:00,76.7,76.7,76.7,76.7,229.0,0.0,0
2020-01-08 12:38:00-05:00,76.46,76.46,76.46,76.46,414.0,0.0,0
2020-01-08 12:40:00-05:00,76.29,76.3,76.29,76.3,230.0,0.0,0
2020-01-08 12:41:00-05:00,76.23,76.23,76.23,76.23,429.0,0.0,0
2020-01-08 12:43:00-05:00,76.47,76.47,76.47,76.47,196.0,0.0,0
2020-01-08 12:47:00-05:00,76.45,76.45,76.45,76.45,100.0,0.0,0
2020-01-08 12:48:00-05:00,76.45,76.45,76.45,76.45,101.0,0.0,0
2020-01-08 12:51:00-05:00,76.7,76.72,76.7,76.72,209.0,0.0,0
2020-01-08 12:53:00-05:00,76.73,76.73,76.73,76.73,210.0,0.0,0
2020-01-08 12:54:00-05:00,76.84,76.97,76.84,76.97,1247.0,0.0,0
2020-01-08 12:57:00-05:00,77.0,77.0,77.0,77.0,225.0,0.0,0
2020-01-08 12:59:00-05:00,77.01,77.01,77.01,77.01,100.0,0.0,0
2020-01-08 13:00:00-05:00,76.96,76.96,76.96,76.96,100.0,0.0,0
2020-01-08 13:01:00-05:00,76.98,76.99,76.74,76.81,570.0,0.0,0
2020-01-08 13:02:00-05:00,76.83,76.83,76.83,76.83,101.0,0.0,0
2020-01-08 13:03:00-05:00,76.88,76.88,76.87,76.87,200.0,0.0,0
2020-01-08 13:04:00-05:00,76.95,76.95,76.94,76.94,840.0,0.0,0
2020-01-08 13:08:00-05:00,76.96,77.0,76.96,77.0,1560.0,0.0,0
2020-01-08 13:09:00-05:00,76.92,76.92,76.92,76.92,100.0,0.0,0
2020-01-08 13:11:00-05:00,76.84,76.87,76.82,76.85,849.0,0.0,0
2020-01-08 13:13:00-05:00,76.73,76.73,76.73,76.73,1245.0,0.0,0
2020-01-08 13:21:00-05:00,76.65,76.65,76.65,76.65,602.0,0.0,0
2020-01-08 13:23:00-05:00,76.85,76.85,76.85,76.85,767.0,0.0,0
2020-01-08 13:29:00-05:00,76.94,76.94,76.94,76.94,100.0,0.0,0
2020-01-08 13:34:00-05:00,76.77,76.77,76.77,76.77,100.0,0.0,0
2020-01-08 13:37:00-05:00,76.75,76.75,76.75,76.75,100.0,0.0,0
2020-01-08 13:44:00-05:00,76.6,76.6,76.6,76.6,110.0,0.0,0
2020-01-08 13:47:00-05:00,76.69,76.69,76.69,76.69,100.0,0.0,0
2020-01-08 13:48:00-05:00,76.65,76.65,76.65,76.65,674.0,0.0,0
2020-01-08 13:58:00-05:00,76.28,76.28,76.28,76.28,150.0,0.0,0
2020-01-08 14:01:00-05:00,76.4,76.4,76.4,76.4,110.0,0.0,0
2020-01-08 14:04:00-05:00,76.43,76.43,76.43,76.43,882.0,0.0,0
2020-01-08 14:09:00-05:00,76.48,76.48,76.48,76.48,300.0,0.0,0
2020-01-08 14:12:00-05:00,76.45,76.45,76.45,76.45,100.0,0.0,0
2020-01-08 14:17:00-05:00,76.47,76.47,76.47,76.47,140.0,0.0,0
2020-01-08 14:23:00-05:00,76.47,76.47,76.47,76.47,100.0,0.0,0
2020-01-08 14:25:00-05:00,76.56,76.56,76.56,76.56,250.0,0.0,0
2020-01-08 14:26:00-05:00,76.64,76.64,76.61,76.61,434.0,0.0,0
2020-01-08 14:30:00-05:00,76.57,76.57,76.57,76.57,229.0,0.0,0
2020-01-08 14:34:00-05:00,76.65,76.65,76.65,76.65,150.0,0.0,0
2020-01-08 14:37:00-05:00,76.63,76.63,76.61,76.61,847.0,0.0,0
2020-01-08 14:39:00-05:00,76.47,76.47,76.47,76.47,350.0,0.0,0
2020-01-08 14:41:00-05:00,76.5,76.5,76.5,76.5,213.0,0.0,0
2020-01-08 14:53:00-05:00,76.42,76.42,76.42,76.42,394.0,0.0,0
2020-01-08 15:00:00-05:00,76.51,76.51,76.51,76.51,152.0,0.0,0
2020-01-08 15:06:00-05:00,76.51,76.51,76.51,76.51,399.0,0.0,0
2020-01-08 15:15:00-05:00,76.58,76.58,76.58,76.58,484.0,0.0,0
2020-01-08 15:19:00-05:00,76.56,76.56,76.42,76.42,305.0,0.0,0
2020-01-08 15:21:00-05:00,76.49,76.49,76.49,76.49,104.0,0.0,0
2020-01-08 15:22:00-05:00,76.65,76.65,76.65,76.65,904.0,0.0,0
2020-01-08 15:28:00-05:00,76.68,76.68,76.64,76.64,650.0,0.0,0
2020-01-08 15:31:00-05:00,76.5,76.5,76.5,76.5,200.0,0.0,0
2020-01-08 15:32:00-05:00,76.5,76.56,76.5,76.56,786.0,0.0,0
2020-01-08 15:39:00-05:00,76.53,76.53,76.53,76.53,230.0,0.0,0
2020-01-08 15:40:00-05:00,76.53,76.53,76.53,76.53,166.0,0.0,0
2020-01-08 15:41:00-05:00,76.53,76.53,76.53,76.53,453.0,0.0,0
2020-01-08 15:46:00-05:00,76.46,76.46,76.45,76.46,470.0,0.0,0
2020-01-08 15:47:00-05:00,76.52,76.52,76.52,76.52,582.0,0.0,0
2020-01-08 15:48:00-05:00,76.51,76.51,76.51,76.51,261.0,0.0,0
2020-01-08 15:49:00-05:00,76.45,76.45,76.45,76.45,157.0,0.0,0
2020-01-08 15:50:00-05:00,76.39,76.39,76.39,76.39,483.0,0.0,0
2020-01-08 15:52:00-05:00,76.25,76.25,76.25,76.25,212.0,0.0,0
2020-01-08 15:54:00-05:00,76.26,76.26,76.21,76.21,425.0,0.0,0
2020-01-08 15:55:00-05:00,76.21,76.21,76.2,76.2,200.0,0.0,0
2020-01-08 15:56:00-05:00,76.21,76.21,76.21,76.21,169.0,0.0,0
2020-01-08 15:58:00-05:00,76.21,76.21,76.21,76.21,346.0,0.0,0
2020-01-09 09:30:00-05:00,77.88,77.88,77.88,77.88,0.0,0.0,0
2020-01-09 09:31:00-05:00,77.88,77.9,77.85,77.9,1130.0,0.0,0
2020-01-09 09:32:00-05:00,77.99,77.99,77.96,77.96,500.0,0.0,0
2020-01-09 09:33:00-05:00,77.89,77.89,77.89,77.89,173.0,0.0,0
2020-01-09 09:34:00-05:00,77.92,77.99,77.92,77.95,1186.0,0.0,0
2020-01-09 09:35:00-05:00,77.94,77.94,77.85,77.85,859.0,0.0,0
2020-01-09 09:36:00-05:00,77.68,77.72,77.68,77.72,447.0,0.0,0
2020-01-09 09:37:00-05:00,77.79,77.79,77.79,77.79,860.0,0.0,0
2020-01-09 09:38:00-05:00,77.89,77.89,77.89,77.89,140.0,0.0,0
2020-01-09 09:39:00-05:00,77.71,77.8,77.71,77.73,370.0,0.0,0
2020-01-09 09:40:00-05:00,77.76,77.83,77.76,77.83,200.0,0.0,0
2020-01-09 09:41:00-05:00,77.73,77.73,77.65,77.7,365.0,0.0,0
2020-01-09 09:44:00-05:00,77.8,77.8,77.8,77.8,300.0,0.0,0
2020-01-09 09:45:00-05:00,77.79,77.8,77.79,77.8,701.0,0.0,0
2020-01-09 09:46:00-05:00,77.8,77.8,77.8,77.8,436.0,0.0,0
2020-01-09 09:47:00-05:00,77.72,77.72,77.72,77.72,650.0,0.0,0
2020-01-09 09:55:00-05:00,78.0,78.0,78.0,78.0,468.0,0.0,0
2020-01-09 10:00:00-05:00,77.76,77.76,77.76,77.76,189.0,0.0,0
2020-01-09 10:02:00-05:00,77.72,77.74,77.62,77.66,1100.0,0.0,0
2020-01-09 10:03:00-05:00,77.62,77.62,77.62,77.62,101.0,0.0,0
2020-01-09 10:06:00-05:00,77.52,77.52,77.52,77.52,305.0,0.0,0
2020-01-09 10:08:00-05:00,77.58,77.58,77.58,77.58,101.0,0.0,0
2020-01-09 10:10:00-05:00,77.46,77.46,77.46,77.46,402.0,0.0,0
2020-01-09 10:16:00-05:00,77.5,77.5,77.5,77.5,100.0,0.0,0
2020-01-09 10:17:00-05:00,77.4,77.41,77.4,77.4,450.0,0.0,0
2020-01-09 10:18:00-05:00,77.4,77.4,77.4,77.4,279.0,0.0,0
2020-01-09 10:21:00-05:00,77.41,77.41,77.41,77.41,598.0,0.0,0
2020-01-09 10:25:00-05:00,77.32,77.32,77.32,77.32,160.0,0.0,0
2020-01-09 10:27:00-05:00,77.46,77.46,77.46,77.46,287.0,0.0,0
2020-01-09 10:29:00-05:00,77.46,77.46,77.46,77.46,134.0,0.0,0
2020-01-09 10:30:00-05:00,77.4,77.4,77.4,77.4,152.0,0.0,0
2020-01-09 10:31:00-05:00,77.46,77.46,77.46,77.46,116.0,0.0,0
2020-01-09 10:37:00-05:00,77.57,77.57,77.57,77.57,191.0,0.0,0
2020-01-09 10:39:00-05:00,77.75,77.75,77.75,77.75,386.0,0.0,0
2020-01-09 10:52:00-05:00,77.53,77.53,77.53,77.53,115.0,0.0,0
2020-01-09 10:53:00-05:00,77.62,77.62,77.62,77.62,120.0,0.0,0
2020-01-09 10:54:00-05:00,77.56,77.56,77.56,77.56,556.0,0.0,0
2020-01-09 10:59:00-05:00,77.6,77.6,77.6,77.6,255.0,0.0,0
2020-01-09 11:06:00-05:00,77.62,77.62,77.62,77.62,248.0,0.0,0
2020-01-09 11:07:00-05:00,77.5,77.5,77.5,77.5,709.0,0.0,0
2020-01-09 11:08:00-05:00,77.5,77.5,77.45,77.45,938.0,0.0,0
2020-01-09 11:29:00-05:00,77.19,77.19,77.19,77.19,766.0,0.0,0
2020-01-09 11:42:00-05:00,77.12,77.12,77.12,77.12,970.0,0.0,0
2020-01-09 11:46:00-05:00,77.1,77.1,77.1,77.1,170.0,0.0,0
2020-01-09 11:48:00-05:00,77.34,77.34,77.34,77.34,480.0,0.0,0
2020-01-09 12:06:00-05:00,77.05,77.05,77.05,77.05,200.0,0.0,0
2020-01-09 12:08:00-05:00,77.0,77.0,77.0,77.0,279.0,0.0,0
2020-01-09 12:09:00-05:00,76.92,76.92,76.92,76.92,820.0,0.0,0
2020-01-09 12:33:00-05:00,76.62,76.62,76.62,76.62,167.0,0.0,0
2020-01-09 12:34:00-05:00,76.58,76.58,76.58,76.58,328.0,0.0,0
2020-01-09 12:40:00-05:00,76.5,76.5,76.5,76.5,129.0,0.0,0
2020-01-09 12:44:00-05:00,76.44,76.44,76.44,76.44,849.0,0.0,0
2020-01-09 12:52:00-05:00,76.58,76.58,76.58,76.58,202.0,0.0,0
2020-01-09 12:54:00-05:00,76.6,76.6,76.6,76.6,456.0,0.0,0
2020-01-09 13:07:00-05:00,76.66,76.72,76.66,76.72,3517.0,0.0,0
2020-01-09 13:19:00-05:00,76.64,76.64,76.52,76.58,651.0,0.0,0
2020-01-09 13:21:00-05:00,76.64,76.64,76.64,76.64,396.0,0.0,0
2020-01-09 13:51:00-05:00,76.72,76.72,76.72,76.72,202.0,0.0,0
2020-01-09 13:56:00-05:00,76.55,76.55,76.55,76.55,498.0,0.0,0
2020-01-09 13:59:00-05:00,76.51,76.57,76.51,76.57,1525.0,0.0,0
2020-01-09 14:13:00-05:00,76.62,76.62,76.62,76.62,244.0,0.0,0
2020-01-09 14:34:00-05:00,76.71,76.71,76.71,76.71,267.0,0.0,0
2020-01-09 14:36:00-05:00,76.82,76.82,76.81,76.82,424.0,0.0,0
2020-01-09 14:42:00-05:00,77.16,77.16,77.16,77.16,275.0,0.0,0
2020-01-09 14:46:00-05:00,77.07,77.07,77.07,77.07,603.0,0.0,0
2020-01-09 15:00:00-05:00,76.96,76.96,76.96,76.96,631.0,0.0,0
2020-01-09 15:13:00-05:00,76.93,76.93,76.93,76.93,225.0,0.0,0
2020-01-09 15:17:00-05:00,76.93,76.93,76.93,76.93,435.0,0.0,0
2020-01-09 15:29:00-05:00,77.03,77.03,77.03,77.03,144.0,0.0,0
2020-01-09 15:59:00-05:00,76.77,76.94,76.77,76.94,34148.0,0.0,0
2020-01-10 09:30:00-05:00,78.31,78.53,78.16,78.53,0.0,0.0,0
2020-01-10 09:31:00-05:00,78.18,78.18,78.18,78.18,207.0,0.0,0
2020-01-10 09:32:00-05:00,78.26,78.26,78.26,78.26,200.0,0.0,0
2020-01-10 09:33:00-05:00,78.3,78.3,78.22,78.22,296.0,0.0,0
2020-01-10 09:36:00-05:00,78.18,78.25,78.18,78.25,354.0,0.0,0
2020-01-10 09:37:00-05:00,78.3,78.3,78.24,78.24,220.0,0.0,0
2020-01-10 09:38:00-05:00,78.27,78.31,78.21,78.21,551.0,0.0,0
2020-01-10 09:39:00-05:00,78.2,78.2,78.2,78.2,280.0,0.0,0
2020-01-10 09:40:00-05:00,78.23,78.29,78.23,78.29,497.0,0.0,0
2020-01-10 09:41:00-05:00,78.17,78.17,78.17,78.17,130.0,0.0,0
2020-01-10 09:43:00-05:00,78.18,78.18,78.18,78.18,100.0,0.0,0
2020-01-10 09:44:00-05:00,78.3,78.3,78.3,78.3,262.0,0.0,0
2020-01-10 09:46:00-05:00,78.38,78.38,78.38,78.38,200.0,0.0,0
2020-01-10 09:49:00-05:00,78.56,78.58,78.42,78.42,400.0,0.0,0
2020-01-10 09:50:00-05:00,78.5,78.5,78.5,78.5,150.0,0.0,0
2020-01-10 09:52:00-05:00,78.55,78.55,78.55,78.55,580.0,0.0,0
2020-01-10 09:53:00-05:00,78.5,78.5,78.5,78.5,170.0,0.0,0
2020-01-10 09:56:00-05:00,78.46,78.46,78.39,78.39,250.0,0.0,0
2020-01-10 09:57:00-05:00,78.5,78.5,78.5,78.5,912.0,0.0,0
2020-01-10 09:59:00-05:00,78.63,78.64,78.63,78.64,350.0,0.0,0
2020-01-10 10:00:00-05:00,78.63,78.63,78.63,78.63,400.0,0.0,0
2020-01-10 10:03:00-05:00,78.66,78.66,78.66,78.66,100.0,0.0,0
2020-01-10 10:04:00-05:00,78.74,78.74,78.74,78.74,152.0,0.0,0
2020-01-10 10:05:00-05:00,78.84,78.99,78.84,78.99,702.0,0.0,0
2020-01-10 10:06:00-05:00,79.0,79.04,78.97,78.97,1512.0,0.0,0
2020-01-10 10:10:00-05:00,78.78,78.78,78.78,78.78,1012.0,0.0,0
2020-01-10 10:12:00-05:00,78.66,78.83,78.66,78.83,528.0,0.0,0
2020-01-10 10:13:00-05:00,78.7,78.7,78.7,78.7,101.0,0.0,0
2020-01-10 10:16:00-05:00,78.72,78.72,78.72,78.72,100.0,0.0,0
2020-01-10 10:17:00-05:00,78.94,78.94,78.94,78.94,100.0,0.0,0
2020-01-10 10:18:00-05:00,78.87,78.87,78.87,78.87,515.0,0.0,0
2020-01-10 10:23:00-05:00,78.99,78.99,78.98,78.98,420.0,0.0,0
2020-01-10 10:25:00-05:00,79.08,79.08,79.08,79.08,504.0,0.0,0
2020-01-10 10:26:00-05:00,79.01,79.01,79.0,79.0,400.0,0.0,0
2020-01-10 10:28:00-05:00,79.02,79.02,79.02,79.02,100.0,0.0,0
2020-01-10 10:29:00-05:00,79.12,79.3,79.12,79.3,2345.0,0.0,0
2020-01-10 10:30:00-05:00,79.19,79.19,79.07,79.07,340.0,0.0,0
2020-01-10 10:31:00-05:00,79.09,79.09,79.0,79.0,1389.0,0.0,0
2020-01-10 10:35:00-05:00,78.82,78.82,78.82,78.82,213.0,0.0,0
2020-01-10 10:41:00-05:00,78.92,78.92,78.92,78.92,100.0,0.0,0
2020-01-10 10:42:00-05:00,78.92,78.92,78.92,78.92,300.0,0.0,0
2020-01-10 10:48:00-05:00,78.82,78.82,78.82,78.82,441.0,0.0,0
2020-01-10 11:01:00-05:00,78.59,78.59,78.59,78.59,580.0,0.0,0
2020-01-10 11:04:00-05:00,78.6,78.6,78.6,78.6,305.0,0.0,0
2020-01-10 11:08:00-05:00,78.58,78.58,78.58,78.58,180.0,0.0,0
2020-01-10 11:09:00-05:00,78.65,78.65,78.65,78.65,100.0,0.0,0
2020-01-10 11:11:00-05:00,78.6,78.64,78.6,78.64,1190.0,0.0,0
2020-01-10 11:22:00-05:00,78.35,78.35,78.35,78.35,140.0,0.0,0
2020-01-10 11:24:00-05:00,78.3,78.3,78.3,78.3,431.0,0.0,0
2020-01-10 11:27:00-05:00,78.21,78.21,78.21,78.21,111.0,0.0,0
2020-01-10 11:28:00-05:00,78.17,78.17,78.17,78.17,230.0,0.0,0
2020-01-10 11:29:00-05:00,78.16,78.16,78.16,78.16,356.0,0.0,0
2020-01-10 11:30:00-05:00,78.06,78.06,78.06,78.06,101.0,0.0,0
2020-01-10 11:31:00-05:00,78.0,78.0,78.0,78.0,273.0,0.0,0
2020-01-10 11:35:00-05:00,78.08,78.08,78.08,78.08,102.0,0.0,0
2020-01-10 11:36:00-05:00,77.98,78.05,77.98,78.05,589.0,0.0,0
2020-01-10 11:50:00-05:00,77.89,77.9,77.89,77.9,379.0,0.0,0
2020-01-10 11:51:00-05:00,77.98,77.98,77.98,77.98,350.0,0.0,0
2020-01-10 11:58:00-05:00,78.0,78.0,78.0,78.0,220.0,0.0,0
2020-01-10 12:02:00-05:00,78.0,78.0,78.0,78.0,445.0,0.0,0
2020-01-10 12:05:00-05:00,78.07,78.07,78.07,78.07,198.0,0.0,0
2020-01-10 12:17:00-05:00,77.99,77.99,77.99,77.99,274.0,0.0,0
2020-01-10 12:19:00-05:00,77.98,77.98,77.95,77.95,322.0,0.0,0
2020-01-10 12:24:00-05:00,77.95,77.95,77.95,77.95,1128.0,0.0,0
2020-01-10 12:28:00-05:00,78.17,78.17,78.17,78.17,201.0,0.0,0
2020-01-10 12:37:00-05:00,78.2,78.2,78.2,78.2,102.0,0.0,0
2020-01-10 12:49:00-05:00,78.38,78.38,78.38,78.38,100.0,0.0,0
2020-01-10 12:50:00-05:00,78.38,78.39,78.38,78.39,1100.0,0.0,0
2020-01-10 12:55:00-05:00,78.47,78.47,78.47,78.47,339.0,0.0,0
2020-01-10 13:11:00-05:00,78.49,78.49,78.49,78.49,200.0,0.0,0
2020-01-10 13:14:00-05:00,78.49,78.49,78.49,78.49,1100.0,0.0,0
2020-01-10 13:19:00-05:00,78.6,78.6,78.6,78.6,102.0,0.0,0
2020-01-10 13:20:00-05:00,78.6,78.6,78.6,78.6,442.0,0.0,0
2020-01-10 13:22:00-05:00,78.6,78.71,78.6,78.71,1330.0,0.0,0
2020-01-10 13:29:00-05:00,78.63,78.63,78.63,78.63,1053.0,0.0,0
2020-01-10 13:40:00-05:00,78.67,78.7,78.67,78.7,1100.0,0.0,0
2020-01-10 13:42:00-05:00,78.87,78.87,78.87,78.87,122.0,0.0,0
2020-01-10 13:49:00-05:00,78.73,78.73,78.72,78.72,442.0,0.0,0
2020-01-10 14:09:00-05:00,78.57,78.6,78.57,78.6,500.0,0.0,0
2020-01-10 14:12:00-05:00,78.57,78.57,78.57,78.57,101.0,0.0,0
2020-01-10 14:14:00-05:00,78.57,78.57,78.57,78.57,187.0,0.0,0
2020-01-10 14:15:00-05:00,78.55,78.57,78.55,78.57,349.0,0.0,0
2020-01-10 14:21:00-05:00,78.6,78.6,78.6,78.6,1206.0,0.0,0
2020-01-10 14:29:00-05:00,78.55,78.55,78.55,78.55,260.0,0.0,0
2020-01-10 14:37:00-05:00,78.28,78.28,78.28,78.28,100.0,0.0,0
2020-01-10 14:39:00-05:00,78.27,78.27,78.27,78.27,125.0,0.0,0
2020-01-10 14:42:00-05:00,78.26,78.26,78.26,78.26,185.0,0.0,0
2020-01-10 14:46:00-05:00,78.24,78.24,78.24,78.24,160.0,0.0,0
2020-01-10 14:59:00-05:00,78.09,78.09,78.09,78.09,761.0,0.0,0
2020-01-10 15:02:00-05:00,77.97,77.97,77.97,77.97,100.0,0.0,0
2020-01-10 15:03:00-05:00,77.9,77.9,77.9,77.9,316.0,0.0,0
2020-01-10 15:31:00-05:00,77.89,77.89,77.89,77.89,410.0,0.0,0
2020-01-10 15:34:00-05:00,77.92,77.92,77.92,77.92,120.0,0.0,0
2020-01-10 15:36:00-05:00,77.94,77.94,77.94,77.94,1015.0,0.0,0
2020-01-10 15:40:00-05:00,77.97,77.97,77.97,77.97,510.0,0.0,0
2020-01-10 15:41:00-05:00,78.05,78.05,78.05,78.05,223.0,0.0,0
2020-01-10 15:47:00-05:00,78.04,78.04,78.04,78.04,204.0,0.0,0
2020-01-10 15:50:00-05:00,77.97,77.97,77.97,77.97,243.0,0.0,0
2020-01-10 15:51:00-05:00,78.0,78.0,78.0,78.0,505.0,0.0,0
2020-01-10 15:53:00-05:00,78.1,78.1,78.1,78.1,228.0,0.0,0
2020-01-10 15:58:00-05:00,78.23,78.23,78.12,78.12,619.0,0.0,0
2020-01-10 15:59:00-05:00,78.23,78.31,78.12,78.31,0.0,0.0,0
2020-01-13 09:30:00-05:00,79.15,79.5,79.15,79.5,2426.0,0.0,0
2020-01-13 09:31:00-05:00,79.32,79.32,79.28,79.28,438.0,0.0,0
2020-01-13 09:32:00-05:00,79.45,79.45,79.45,79.45,216.0,0.0,0
2020-01-13 09:33:00-05:00,79.25,79.25,79.25,79.25,100.0,0.0,0
2020-01-13 09:34:00-05:00,79.22,79.22,79.05,79.05,279.0,0.0,0
2020-01-13 09:37:00-05:00,79.18,79.18,79.18,79.18,330.0,0.0,0
2020-01-13 09:38:00-05:00,79.2,79.2,79.2,79.2,316.0,0.0,0
2020-01-13 09:40:00-05:00,79.0,79.0,79.0,79.0,118.0,0.0,0
2020-01-13 09:41:00-05:00,79.02,79.05,78.93,78.93,1017.0,0.0,0
2020-01-13 09:42:00-05:00,78.76,78.76,78.76,78.76,112.0,0.0,0
2020-01-13 09:45:00-05:00,78.79,78.79,78.74,78.74,630.0,0.0,0
2020-01-13 09:47:00-05:00,78.82,78.83,78.82,78.83,439.0,0.0,0
2020-01-13 09:59:00-05:00,79.4,79.4,79.4,79.4,212.0,0.0,0
2020-01-13 10:00:00-05:00,79.4,79.5,79.4,79.5,675.0,0.0,0
2020-01-13 10:02:00-05:00,79.56,79.57,79.56,79.56,2007.0,0.0,0
2020-01-13 10:03:00-05:00,79.57,79.57,79.57,79.57,248.0,0.0,0
2020-01-13 10:05:00-05:00,79.37,79.37,79.37,79.37,104.0,0.0,0
2020-01-13 10:06:00-05:00,79.39,79.39,79.39,79.39,100.0,0.0,0
2020-01-13 10:07:00-05:00,79.46,79.46,79.46,79.46,117.0,0.0,0
2020-01-13 10:08:00-05:00,79.47,79.47,79.47,79.47,224.0,0.0,0
2020-01-13 10:10:00-05:00,79.51,79.56,79.5,79.56,718.0,0.0,0
2020-01-13 10:19:00-05:00,79.91,79.92,79.91,79.92,327.0,0.0,0
2020-01-13 10:20:00-05:00,79.89,79.89,79.89,79.89,126.0,0.0,0
2020-01-13 10:21:00-05:00,79.88,79.91,79.88,79.91,2100.0,0.0,0
2020-01-13 10:22:00-05:00,79.88,80.0,79.88,80.0,426.0,0.0,0
2020-01-13 10:23:00-05:00,80.0,80.0,80.0,80.0,1083.0,0.0,0
2020-01-13 10:26:00-05:00,80.19,80.19,80.19,80.19,200.0,0.0,0
2020-01-13 10:29:00-05:00,80.11,80.11,80.07,80.07,200.0,0.0,0
2020-01-13 10:30:00-05:00,80.24,80.26,80.22,80.22,300.0,0.0,0
2020-01-13 10:32:00-05:00,80.08,80.08,80.08,80.08,363.0,0.0,0
2020-01-13 10:42:00-05:00,79.85,79.85,79.85,79.85,166.0,0.0,0
2020-01-13 10:47:00-05:00,79.97,79.97,79.97,79.97,205.0,0.0,0
2020-01-13 10:50:00-05:00,80.16,80.16,80.16,80.16,406.0,0.0,0
2020-01-13 10:59:00-05:00,80.38,80.38,80.38,80.38,0.0,0.0,0
